10000
731
599
96
17
941
177
709
273
297
360
961
933
743
175
691
454
254
102
179
898
587
769
434
461
162
8
166
928
931
306
293
899
254
442
847
981
119
845
291
181
435
559
718
685
398
514
777
68
974
95
959
769
39
971
538
458
573
744
153
965
284
819
233
197
797
365
46
731
313
828
883
134
845
257
195
689
704
713
679
785
131
605
8
939
647
668
453
81
35
832
340
963
771
584
649
227
526
9
992
601
567
476
716
747
255
972
39
366
454
759
941
279
665
212
694
361
53
184
71
494
982
921
412
139
916
224
911
57
426
764
928
205
982
53
51
428
660
290
291
173
856
798
529
889
897
140
787
141
632
430
942
511
865
102
614
289
948
759
432
415
554
240
497
32
155
345
526
60
392
737
392
496
584
791
248
750
688
38
344
904
760
931
756
523
553
497
575
374
30
953
80
696
194
410
350
227
547
603
295
709
662
756
173
104
951
808
174
803
161
546
36
196
819
212
203
239
314
190
943
526
450
926
597
798
737
271
722
784
698
593
429
564
587
413
786
275
274
35
945
330
851
522
100
229
459
930
1000
701
217
53
454
681
111
169
321
415
377
751
730
168
726
243
783
260
746
854
448
134
521
786
669
974
550
646
478
829
518
231
314
787
860
445
836
872
939
34
281
273
98
973
740
9
44
594
578
773
903
593
171
773
854
292
580
536
82
328
810
549
220
462
519
108
346
715
77
216
662
932
317
261
434
375
704
918
809
598
3
982
751
966
706
878
464
405
816
656
418
61
393
741
403
491
799
355
903
648
976
662
862
912
715
982
773
785
843
689
405
623
30
517
300
290
524
288
306
477
452
477
157
69
997
547
399
898
680
375
146
549
5
948
573
550
428
779
10
398
121
963
608
897
166
220
455
653
192
294
102
802
581
88
712
927
107
748
748
391
74
226
999
921
510
697
556
753
357
559
292
219
38
399
228
219
769
377
862
142
778
33
533
781
760
626
61
884
421
699
667
622
959
635
849
218
87
842
705
251
167
877
845
653
764
193
716
68
923
495
303
515
95
334
696
190
923
808
422
939
936
283
728
632
79
730
308
776
16
322
484
777
536
879
266
742
944
78
770
288
121
757
488
942
574
136
542
460
185
60
438
349
393
776
253
182
530
520
3
808
127
193
723
409
487
604
559
208
935
797
854
72
997
502
716
336
741
230
775
814
688
616
584
436
383
419
73
6
508
168
618
838
583
910
425
724
353
961
741
503
510
274
449
835
195
161
701
196
701
438
619
321
115
451
298
403
219
163
867
591
563
220
453
396
124
816
948
885
170
5
675
936
9
285
50
671
660
765
239
697
292
537
917
270
649
532
596
195
785
107
576
37
247
117
379
488
799
700
196
240
969
750
888
585
394
809
775
73
561
830
762
556
403
908
558
777
659
317
321
947
614
580
147
31
484
710
903
106
47
669
783
83
340
1000
995
640
820
54
695
906
650
457
235
492
494
879
947
42
544
205
313
522
337
607
442
112
71
617
30
538
348
846
60
65
701
970
677
589
291
517
703
48
379
828
671
593
188
517
245
918
162
632
311
11
44
407
170
194
682
799
116
288
594
81
333
386
659
113
513
127
441
982
578
732
319
740
828
698
442
821
784
887
439
439
232
695
402
989
340
837
155
488
119
562
529
304
128
439
136
330
621
888
212
449
289
895
308
652
137
893
57
317
429
634
210
54
112
359
468
320
952
742
968
575
26
938
414
428
873
472
224
780
985
574
559
178
224
918
727
167
973
728
829
198
34
695
379
742
592
564
769
754
107
926
790
831
184
297
18
773
589
876
37
918
697
112
938
182
483
987
132
372
924
107
285
211
484
67
195
658
936
243
812
266
71
457
132
83
483
135
69
514
474
901
519
454
438
933
640
698
31
187
20
114
671
245
184
272
123
428
254
540
880
625
115
895
51
476
534
542
119
924
798
761
380
872
376
405
916
891
205
462
328
506
854
505
574
295
844
793
610
951
874
807
323
813
618
890
368
59
372
844
189
320
559
122
803
969
532
138
279
819
792
321
822
441
706
951
154
470
506
935
88
952
510
733
135
157
593
444
268
657
379
570
858
470
585
19
916
664
9
54
297
611
845
347
98
606
128
581
952
88
514
464
833
133
772
693
942
554
548
188
813
899
837
674
728
944
745
775
816
47
381
581
625
171
283
940
578
347
312
482
710
557
810
558
353
654
106
466
282
335
362
136
352
583
933
373
638
289
704
537
197
815
555
793
394
666
815
64
200
170
513
194
732
165
649
932
416
134
268
283
30
493
409
437
524
682
703
662
864
591
343
669
199
417
487
288
651
557
19
178
147
462
433
668
59
631
544
509
162
580
492
280
921
677
586
661
658
293
309
312
90
634
3
123
392
791
122
549
377
470
84
74
593
980
500
739
781
179
928
837
773
254
673
646
571
518
937
603
823
232
756
673
119
178
94
586
436
276
320
310
663
769
225
891
459
91
896
428
225
274
207
64
424
909
879
250
632
167
720
619
972
734
950
24
732
42
981
300
942
822
991
479
212
149
680
164
145
474
216
409
893
871
661
994
512
853
556
358
910
785
101
675
245
808
35
942
966
350
833
210
318
661
183
424
813
820
621
746
723
903
937
44
708
114
824
360
796
722
4
923
313
129
30
302
25
610
595
934
315
193
840
415
138
773
451
895
392
613
564
172
672
700
155
8
817
328
769
491
404
594
344
667
914
276
680
906
960
506
267
436
566
337
363
75
400
411
954
273
872
801
368
743
434
283
607
1000
237
406
871
557
565
316
65
466
721
965
195
897
119
317
220
861
148
68
912
426
391
712
340
601
609
600
913
149
988
385
186
51
990
334
484
631
733
437
564
126
53
483
613
749
670
710
874
504
545
67
283
458
622
487
987
441
318
139
48
488
922
822
376
512
218
991
881
637
364
896
854
778
498
775
869
733
832
722
409
505
755
423
191
28
925
752
528
472
899
5
458
103
694
706
659
398
570
411
768
952
4
8
888
762
512
169
771
544
499
844
58
339
151
771
929
839
450
891
620
611
472
905
562
44
536
432
22
198
699
115
683
470
799
655
958
7
194
430
935
414
742
874
669
203
794
919
532
498
973
696
618
388
461
670
583
683
722
113
869
743
260
32
546
390
385
399
96
239
777
972
664
998
571
224
235
54
497
228
16
940
270
403
107
338
378
724
877
765
146
208
939
448
51
391
638
289
454
927
483
242
686
538
79
359
391
698
128
933
26
777
532
813
742
228
533
486
862
595
911
372
193
50
117
131
960
16
527
531
115
580
516
20
734
339
350
704
593
177
90
207
879
283
344
210
674
202
85
39
372
456
253
314
438
72
963
833
37
245
461
309
682
685
332
111
46
286
553
665
60
614
757
2
411
68
58
59
810
773
753
863
107
949
117
288
520
908
687
918
674
84
813
220
264
103
667
371
497
974
253
583
169
199
558
359
762
888
21
734
138
169
644
607
25
970
301
726
710
543
461
898
918
507
795
957
915
16
900
420
231
48
694
938
104
781
868
203
399
583
489
737
107
443
99
594
797
251
845
716
438
671
807
305
176
281
257
409
540
43
576
993
55
767
980
814
688
641
860
805
501
991
721
857
355
114
463
213
811
3
800
306
967
539
766
81
120
545
803
686
360
353
853
409
488
726
889
415
425
963
827
452
681
33
307
995
160
728
990
808
810
35
843
313
891
962
441
769
311
441
116
290
840
342
683
483
670
921
672
39
243
397
151
242
619
101
682
805
815
510
711
251
935
795
695
982
260
451
481
128
320
16
588
807
539
540
756
652
629
30
340
213
138
600
627
327
988
476
520
210
383
346
792
334
886
592
470
774
437
887
550
947
573
155
762
342
265
278
406
557
533
367
343
374
73
935
705
832
396
313
751
587
685
649
554
769
973
580
253
308
467
872
612
9
924
852
651
966
72
533
217
642
243
316
611
52
403
20
748
454
913
655
280
776
876
464
474
535
28
749
344
207
484
192
267
331
16
733
217
606
317
197
503
506
426
968
254
586
239
516
866
698
471
533
531
182
765
367
212
727
921
335
555
563
656
359
350
358
765
186
399
92
502
382
385
301
408
76
459
289
736
817
401
881
930
991
630
465
229
324
394
917
949
423
308
887
256
822
981
137
505
373
412
55
497
938
38
675
715
521
476
684
326
811
62
163
444
104
368
710
970
3
699
412
125
480
747
838
721
603
823
475
285
716
83
296
805
291
612
623
497
49
808
489
36
857
482
349
254
434
452
923
920
749
437
182
481
545
787
203
558
462
805
61
468
149
26
507
481
463
421
981
956
916
575
670
945
931
868
65
407
537
815
108
709
128
944
992
656
854
251
127
615
564
124
903
433
496
229
595
635
521
842
599
308
236
132
103
772
114
649
514
907
217
623
595
997
471
11
847
84
344
712
740
732
870
275
68
517
671
492
163
824
267
411
966
487
942
559
136
710
293
74
369
7
32
285
106
424
778
755
294
434
958
406
595
340
233
102
367
815
246
240
969
279
459
23
591
652
536
232
25
692
581
590
43
188
705
401
773
573
418
51
142
613
228
693
78
512
592
502
205
667
830
267
586
60
19
121
24
842
91
543
101
737
462
945
325
961
596
839
489
453
949
642
587
23
588
993
671
276
644
144
911
912
360
92
432
398
394
342
584
937
628
684
858
17
147
469
313
83
950
484
795
771
828
729
532
932
311
798
207
923
780
781
64
442
540
731
8
132
435
374
216
833
303
207
583
734
370
723
714
588
566
334
401
135
146
130
639
358
610
437
738
100
487
572
548
824
779
523
635
728
301
999
181
303
14
867
921
557
561
168
338
119
899
662
854
299
857
91
440
263
920
582
475
597
526
989
57
852
399
855
711
845
534
944
511
555
726
425
785
422
659
840
167
456
549
955
5
392
553
499
513
635
310
252
346
863
554
750
515
91
332
316
432
223
19
871
950
373
666
808
839
592
15
293
521
190
445
708
151
960
581
652
638
24
266
829
765
543
177
869
861
785
309
495
452
574
679
459
185
527
200
358
763
27
727
566
286
82
192
50
191
741
524
353
50
210
604
830
892
450
337
77
873
602
986
149
806
715
330
895
823
344
19
874
939
690
66
37
331
718
885
880
417
640
840
874
667
331
812
769
527
168
426
836
333
940
272
906
968
363
774
973
184
845
357
849
363
337
146
639
609
841
54
929
517
622
963
341
231
40
398
470
710
357
790
634
312
844
857
992
581
56
75
568
504
109
150
127
605
288
946
464
964
604
432
905
129
794
237
281
941
310
146
984
66
559
714
766
76
818
668
473
662
557
736
599
47
207
105
359
74
320
406
191
656
802
632
680
900
354
745
132
346
559
195
869
824
195
15
464
944
259
877
238
189
470
927
980
402
656
476
645
642
318
70
827
181
235
911
528
544
79
498
208
169
688
124
919
653
993
262
186
411
572
188
857
488
410
244
161
746
118
66
784
881
267
406
848
166
802
970
450
941
804
359
910
263
924
767
192
38
446
377
573
405
496
405
928
597
167
261
584
569
749
179
651
536
112
243
638
525
290
784
836
414
182
804
899
741
140
722
888
112
953
283
599
966
758
419
349
119
81
799
545
258
284
618
724
47
252
212
338
819
37
698
425
202
749
294
854
7
264
132
571
488
338
80
610
508
842
395
14
826
443
690
896
767
701
316
38
388
689
136
573
408
597
857
907
320
189
864
787
261
869
553
583
350
492
630
525
968
971
33
832
13
598
503
475
633
527
740
66
490
208
631
411
852
513
444
664
616
228
936
225
990
546
260
648
297
182
75
808
961
634
463
260
315
266
732
61
735
79
354
464
57
273
825
697
393
77
167
409
950
214
80
443
137
300
755
461
516
615
297
387
243
999
682
16
954
592
402
902
287
614
899
8
221
609
719
488
631
507
216
914
834
545
255
387
381
476
695
961
14
995
271
758
857
816
62
32
880
907
992
203
959
683
552
85
917
478
371
957
133
161
985
272
868
909
599
244
406
999
866
290
805
906
286
869
212
263
62
219
569
604
24
507
50
917
717
509
548
749
948
898
527
246
946
722
896
449
662
165
498
450
16
492
688
531
494
796
384
866
644
350
518
590
743
716
69
462
939
26
502
672
82
899
60
346
741
757
776
392
778
260
152
483
434
516
773
517
991
926
938
598
14
117
754
891
499
712
621
92
751
490
715
441
617
242
829
436
607
42
314
264
165
138
465
729
217
462
125
289
742
542
307
551
976
235
776
595
629
822
880
799
642
221
97
14
940
757
381
111
386
65
829
954
640
376
322
767
617
262
798
735
56
618
64
792
751
585
427
760
198
274
211
223
125
6
906
664
208
143
845
708
483
268
233
690
628
893
686
770
144
428
430
180
592
652
202
937
789
975
984
890
210
856
493
856
705
24
759
82
666
555
277
658
750
732
204
419
753
907
644
502
705
379
619
254
125
557
536
818
610
661
948
991
296
629
549
58
978
461
773
900
416
326
457
170
229
541
765
579
819
111
129
158
528
964
715
718
615
78
727
909
455
702
491
506
700
479
669
337
838
730
701
720
681
866
903
417
102
162
804
654
551
729
198
371
241
907
481
365
288
909
611
879
594
280
521
344
901
656
187
453
341
410
469
436
817
732
538
501
862
956
697
221
178
680
685
41
400
57
801
639
129
307
305
10
394
979
501
919
469
846
653
914
876
735
189
225
51
933
728
615
369
91
213
143
416
121
480
286
787
755
119
879
208
77
396
280
495
216
613
215
160
410
576
258
26
891
58
216
496
358
533
866
45
722
145
796
52
825
896
565
59
633
232
75
754
909
795
490
71
734
549
403
913
180
652
735
128
448
854
972
892
909
161
959
201
262
185
22
683
768
948
478
320
467
6
687
914
376
881
744
625
387
660
817
324
871
818
27
60
116
273
686
678
153
602
1000
496
253
182
491
940
674
396
537
367
193
510
150
405
678
488
985
488
181
658
719
832
41
590
321
904
92
347
766
779
752
154
160
253
386
278
967
838
202
162
866
403
525
845
257
620
690
650
486
944
154
953
858
887
357
691
518
742
275
962
32
321
647
445
611
862
826
297
774
70
557
75
119
143
997
505
29
40
233
994
41
491
172
895
659
969
215
430
697
958
3
197
802
738
247
451
688
846
943
254
604
816
610
84
358
146
102
407
170
266
664
493
701
679
181
539
180
218
723
394
204
506
627
373
550
92
447
286
501
365
184
626
700
842
684
389
421
462
269
4
545
687
43
49
347
81
419
597
322
995
638
640
294
380
619
494
430
253
147
636
313
431
33
16
244
737
907
670
119
877
675
559
270
783
113
716
652
305
592
111
642
126
277
185
194
297
78
60
550
495
817
5
534
773
981
849
287
646
401
787
122
957
686
578
390
994
914
944
398
530
438
872
640
979
755
955
790
449
712
449
5
523
678
476
945
244
885
836
839
286
592
681
592
6
569
765
570
75
529
916
856
156
223
354
451
52
237
966
166
891
735
350
186
679
36
894
236
983
121
845
807
16
165
486
359
524
770
839
128
990
756
946
157
911
277
796
613
513
890
860
884
156
63
257
828
308
5
16
69
492
599
254
845
998
250
991
195
683
541
799
819
155
549
535
995
669
473
782
509
985
796
269
559
661
206
769
550
887
400
753
102
1000
800
928
286
135
975
182
530
133
382
691
62
646
417
688
264
642
728
89
519
994
783
244
923
292
607
946
781
61
929
74
342
938
127
94
826
490
460
573
589
58
532
159
589
337
252
829
601
275
386
938
36
500
24
415
667
969
527
685
140
479
898
833
995
659
713
17
677
638
39
979
859
801
79
264
928
490
210
12
847
913
514
370
26
753
473
97
83
832
961
849
373
635
594
616
223
683
845
969
576
752
970
394
945
441
549
366
23
54
302
95
254
585
152
399
104
36
48
452
376
132
445
162
600
306
475
333
228
257
480
315
86
408
852
944
35
961
627
57
853
792
123
538
875
75
26
619
58
129
349
906
471
444
25
480
695
905
703
219
662
184
843
408
499
980
733
159
876
697
502
755
735
328
737
743
754
995
75
858
753
988
754
181
249
876
318
548
704
361
39
672
190
161
267
984
807
460
575
453
575
233
545
442
322
303
796
264
804
619
832
133
129
112
766
428
942
661
152
675
444
471
944
782
357
366
560
548
217
476
149
417
828
211
305
575
689
730
899
349
83
623
762
645
608
871
18
169
448
323
644
968
578
520
21
31
227
457
15
807
636
27
868
788
780
378
925
359
812
728
405
436
448
82
772
891
41
354
518
710
987
122
570
777
369
518
261
506
60
144
777
290
611
622
982
389
259
178
455
284
905
516
268
315
109
934
481
689
96
471
1000
390
400
244
370
883
355
683
834
331
717
817
572
490
246
242
166
280
205
574
624
30
848
327
861
137
136
266
829
140
322
682
14
279
28
130
733
733
311
363
894
112
239
238
643
601
73
34
147
136
57
78
814
342
491
217
795
140
530
480
714
366
831
456
4
303
502
813
439
411
901
773
292
368
590
960
534
112
542
54
297
401
811
129
18
577
748
401
930
502
943
137
305
831
273
822
988
324
975
89
904
886
937
308
311
538
908
640
967
286
369
897
392
905
528
199
564
670
484
567
819
195
638
795
328
172
485
732
196
824
110
940
9
47
840
55
511
377
752
242
119
328
230
156
708
766
385
470
20
913
722
417
956
538
226
624
489
422
251
291
115
265
519
213
279
103
7
714
252
864
992
949
898
705
147
396
785
929
463
683
168
116
346
146
872
507
774
879
734
175
319
379
86
400
310
658
792
397
537
849
971
344
738
981
933
459
774
70
805
931
95
174
482
315
780
690
984
603
333
457
351
82
98
464
551
48
919
8
836
88
746
539
61
186
288
448
652
260
792
325
117
382
390
168
246
855
556
660
868
234
209
319
91
296
131
603
165
686
586
790
610
811
288
437
432
866
897
143
596
39
678
937
535
361
445
417
16
204
591
220
855
202
583
409
93
885
438
230
5
520
423
956
105
603
925
720
263
581
599
901
650
513
134
126
497
551
647
621
954
15
961
545
941
744
829
792
471
859
240
730
761
244
565
526
443
701
82
43
247
182
179
695
769
868
166
345
451
632
97
325
274
727
148
577
144
37
532
865
126
592
724
67
872
819
407
523
451
294
351
948
355
636
312
412
450
154
744
978
648
943
596
318
655
454
497
727
114
702
88
834
890
294
505
148
507
532
36
238
51
157
375
490
24
170
468
306
268
54
447
297
290
621
209
204
149
509
661
107
626
962
703
742
259
147
338
890
62
881
931
188
541
536
84
354
716
324
715
240
452
158
129
143
649
543
162
470
970
59
337
348
116
870
700
27
692
930
742
137
873
435
971
834
409
980
316
65
894
244
383
287
958
574
712
43
886
90
780
372
573
705
719
530
619
361
270
290
792
259
412
286
659
87
818
140
523
650
392
216
763
918
40
757
979
951
382
995
404
818
551
441
41
689
625
292
459
947
323
240
485
144
252
119
683
297
69
267
716
365
685
747
631
259
957
928
410
150
148
749
496
592
116
146
527
626
295
666
125
166
97
971
548
642
30
121
349
457
257
711
676
961
688
578
879
653
427
778
473
454
331
386
821
185
624
413
603
169
243
297
966
782
239
333
767
668
842
682
325
261
304
415
945
151
925
743
74
417
277
186
947
547
787
221
235
961
639
545
843
962
931
394
533
201
618
870
491
408
341
465
911
196
420
867
458
15
470
522
354
403
922
779
43
552
760
497
585
855
312
3
34
622
994
563
881
203
23
940
112
492
608
894
823
568
342
559
35
806
31
988
700
643
181
381
230
197
634
105
257
191
370
942
481
11
850
62
846
179
96
613
185
319
731
153
329
668
78
83
699
233
755
58
983
907
650
507
485
601
227
626
920
58
973
574
710
890
589
198
241
710
449
438
105
318
728
478
329
347
200
570
49
55
183
786
698
54
599
472
517
176
879
697
412
558
59
777
810
720
850
392
336
932
31
449
623
349
936
378
420
461
79
737
892
567
4
716
118
392
197
164
399
808
695
4
275
732
405
572
303
804
629
892
641
953
357
347
611
639
426
230
795
306
156
112
977
699
843
843
263
533
413
470
937
921
541
60
793
508
723
55
826
101
887
230
368
397
287
11
369
120
368
310
756
889
742
146
64
997
395
922
839
607
602
58
611
972
190
706
833
558
824
72
359
518
183
931
587
48
705
451
114
344
776
565
631
161
963
931
386
197
667
278
584
37
727
465
138
632
201
23
125
54
243
51
932
262
377
439
704
151
335
441
891
628
890
843
626
733
554
82
875
905
566
272
128
620
135
13
463
223
943
900
933
932
940
675
839
742
896
190
427
439
709
336
862
664
260
265
768
750
723
249
822
565
989
20
182
227
842
973
558
993
11
673
930
898
490
439
441
806
229
760
373
880
682
515
242
887
118
702
570
239
887
420
88
769
436
87
573
828
99
41
763
885
174
176
132
231
214
664
393
792
327
820
824
397
165
5
524
486
20
494
725
429
108
367
398
963
865
899
457
510
728
624
926
341
138
677
757
3
247
27
722
210
774
59
44
282
938
118
976
933
437
521
887
468
796
295
614
30
264
480
268
205
183
27
617
321
948
968
312
731
394
194
617
790
776
724
856
516
731
988
899
961
49
586
221
642
124
125
218
968
36
118
586
407
120
158
203
499
905
193
704
536
927
824
820
850
69
782
320
397
544
938
483
459
233
619
172
470
989
835
476
88
596
170
566
570
659
216
552
593
691
933
447
358
786
846
505
623
499
974
314
878
279
492
740
575
37
942
290
359
994
758
8
768
206
61
554
425
293
603
735
629
673
554
485
178
261
643
434
774
970
754
983
970
267
695
499
659
551
313
372
213
255
194
814
697
288
187
996
237
870
928
104
403
124
604
971
498
952
397
172
828
342
673
331
563
756
429
606
60
584
256
210
809
57
272
27
457
776
814
556
323
778
617
965
621
438
214
960
339
100
988
585
346
587
677
804
654
526
353
355
288
403
646
32
967
695
593
38
54
642
376
763
539
954
12
592
48
997
718
499
521
653
358
978
873
119
938
795
341
765
449
17
901
625
303
19
420
24
693
897
69
791
289
930
999
940
268
820
276
787
314
72
776
967
627
529
550
24
851
608
51
686
235
262
437
463
104
646
365
410
896
247
728
557
852
491
588
154
787
560
951
536
527
16
830
592
540
42
451
457
571
389
398
714
82
820
372
728
185
209
288
443
576
702
826
315
226
235
449
280
944
15
724
529
271
374
757
205
10
465
303
488
797
642
33
648
197
662
74
412
628
465
227
451
632
811
964
24
447
162
803
119
960
242
336
155
717
741
164
479
408
169
901
414
615
424
288
272
908
638
228
367
290
995
482
604
931
606
499
104
841
758
60
815
651
335
565
890
182
113
57
621
771
922
586
666
920
501
627
142
661
285
397
562
761
632
176
197
743
348
102
111
812
618
418
853
742
244
940
104
440
750
776
966
205
301
189
785
903
860
298
383
306
224
245
643
347
448
374
118
837
597
765
777
252
951
227
379
274
576
744
90
275
366
274
774
806
72
598
69
156
622
255
675
940
741
728
992
911
999
529
352
472
10
456
912
801
717
385
643
698
416
246
198
805
641
397
122
718
591
700
715
465
134
938
913
919
18
176
180
93
882
275
744
435
631
980
98
502
512
364
16
436
559
637
298
116
691
12
98
116
836
127
653
980
738
701
596
998
11
422
110
209
71
427
222
774
465
272
83
977
216
997
335
795
415
134
957
119
461
303
84
673
676
884
896
872
281
452
850
43
848
631
145
370
84
923
202
398
857
96
561
140
869
3
473
933
120
283
386
655
917
63
883
118
877
697
95
814
391
270
272
857
280
719
407
219
589
511
925
581
37
735
898
393
245
21
997
577
925
982
408
359
673
611
522
793
870
342
724
129
794
435
856
545
241
763
162
751
367
846
55
838
273
816
743
212
339
538
906
141
420
724
199
566
977
461
276
506
813
113
994
843
109
589
748
84
223
226
663
834
565
749
512
536
955
83
290
288
90
863
87
536
596
418
917
482
119
967
303
305
727
666
8
686
480
901
46
599
222
245
479
275
189
448
345
697
515
334
204
348
734
11
895
261
341
118
77
13
838
401
729
890
87
556
186
491
664
893
833
689
334
28
792
140
568
758
521
237
287
428
530
600
441
567
368
131
468
811
479
871
532
328
639
23
231
318
567
941
650
458
570
199
118
277
843
410
514
909
118
952
361
835
568
600
567
890
5
749
176
372
976
154
41
962
62
537
862
144
240
597
391
982
286
89
998
901
328
839
503
378
597
75
335
334
509
147
280
126
731
382
428
874
574
165
316
103
422
5
555
670
564
964
903
298
971
279
177
381
31
486
415
307
510
723
19
847
951
300
521
224
186
329
965
284
486
921
811
948
289
363
806
844
537
396
313
999
746
627
668
249
817
595
974
55
989
711
613
284
317
794
87
669
813
400
200
332
849
730
80
261
161
660
575
503
419
132
894
486
264
204
101
432
566
905
417
703
589
614
248
289
641
706
76
678
924
597
824
567
203
581
322
979
482
678
2
11
551
513
695
133
503
328
963
586
860
570
617
935
150
376
742
378
977
221
895
638
809
498
368
382
170
909
484
72
704
159
194
192
177
536
257
766
523
215
77
375
923
821
785
519
715
880
173
901
396
695
914
189
406
50
223
952
650
163
512
546
432
910
592
490
518
603
535
661
49
120
703
614
974
88
629
796
728
372
650
196
630
478
456
413
89
692
752
491
947
770
675
129
679
232
869
834
112
860
128
276
763
818
637
357
615
663
31
28
20
120
696
754
981
603
730
403
732
108
880
322
604
721
466
382
425
817
661
924
952
356
237
738
559
130
880
623
532
346
611
197
630
415
899
272
125
803
41
614
532
716
633
186
42
764
565
966
333
299
578
530
639
867
342
285
701
830
679
846
984
502
642
784
98
751
543
530
480
373
344
749
272
581
585
314
642
688
247
932
159
75
95
10
566
589
832
766
193
399
842
788
99
344
297
669
1000
372
790
698
872
592
668
321
947
544
504
634
868
560
408
806
983
98
769
355
214
514
130
490
550
317
97
996
99
521
647
909
157
74
186
60
150
656
344
66
853
961
354
592
693
627
588
601
670
177
538
801
71
950
38
100
274
404
569
281
740
274
347
640
918
416
873
760
473
927
901
940
525
217
751
438
296
973
461
267
51
587
288
306
518
686
541
522
833
533
27
515
782
428
299
295
35
716
469
463
207
244
866
529
34
135
823
821
646
219
881
870
9
375
737
535
872
575
519
313
102
463
149
693
649
422
597
824
806
403
402
397
58
412
133
505
607
196
387
756
994
873
694
337
261
890
36
964
76
673
421
17
576
425
567
54
984
621
30
90
750
804
201
452
14
312
202
88
729
399
544
623
702
192
836
151
611
224
216
57
492
523
910
698
240
106
512
611
439
114
772
862
328
241
435
96
712
616
885
621
257
247
839
503
569
284
527
951
736
787
215
310
920
369
486
104
681
694
594
61
666
100
218
615
76
358
369
161
930
227
126
842
984
525
666
337
711
601
146
100
529
734
933
270
669
107
890
926
869
975
582
13
537
7
227
196
697
859
475
486
411
643
459
198
561
554
320
635
675
898
850
355
960
515
343
277
177
597
57
639
990
59
861
402
224
276
598
13
640
90
484
473
393
381
850
99
6
622
83
321
801
239
107
336
697
207
91
890
710
885
990
714
394
900
169
775
710
126
441
614
741
282
982
717
53
398
162
335
300
792
678
882
230
995
937
225
841
606
4
608
324
596
317
382
961
201
226
90
922
54
323
563
164
536
477
379
788
329
876
137
703
128
783
515
437
139
686
820
890
173
491
710
425
833
815
610
370
897
686
359
345
916
327
114
362
37
712
436
759
491
313
954
926
480
536
695
715
899
288
706
497
542
411
235
216
817
630
226
473
614
29
215
789
514
156
572
185
820
370
466
522
406
672
909
265
573
373
373
246
723
176
280
825
22
658
48
509
379
966
724
290
658
947
2
787
715
538
383
116
517
822
145
122
98
343
723
379
677
963
337
214
839
230
778
322
942
653
909
586
285
506
604
87
53
438
461
31
33
357
47
815
604
576
604
626
313
144
119
464
102
365
656
710
698
424
258
907
766
646
745
364
932
392
567
974
162
900
671
230
517
2
864
998
698
480
636
890
388
964
825
205
812
612
718
693
774
301
144
117
339
23
22
950
574
116
10
406
602
913
253
549
365
805
226
630
137
118
686
632
996
461
68
9
833
63
839
754
287
926
164
635
775
32
138
52
838
525
566
863
441
905
704
953
778
904
179
828
706
874
450
862
11
372
9
279
865
741
694
878
377
368
622
967
973
6
56
221
34
862
851
130
372
313
2
756
210
926
96
503
145
663
858
992
639
726
357
709
434
184
320
466
121
224
898
174
757
406
766
624
915
317
770
278
440
533
271
179
23
474
919
307
461
284
779
534
269
171
684
973
864
841
847
795
245
962
675
254
191
685
823
71
511
541
632
306
932
976
744
320
332
683
642
222
415
245
226
699
69
536
208
790
945
132
207
363
626
396
833
695
745
732
110
69
801
517
821
221
117
730
925
610
276
889
521
999
351
536
972
822
219
682
265
544
114
53
263
424
707
714
48
523
63
965
361
639
981
775
894
810
78
927
145
941
125
145
84
630
383
943
939
787
641
704
465
604
287
171
651
727
88
635
244
614
160
792
541
20
876
207
26
810
63
940
704
185
514
655
494
488
487
664
636
728
735
894
373
554
373
583
492
257
425
877
615
464
404
262
791
602
708
747
415
633
753
895
507
538
768
495
949
653
358
218
838
758
206
114
992
860
275
252
251
690
920
54
233
151
342
224
215
688
484
504
735
891
249
639
101
82
107
822
676
617
178
583
774
133
183
755
230
779
881
833
990
505
376
130
948
213
523
46
390
508
118
688
436
962
525
886
50
355
952
105
384
198
922
421
413
211
420
623
838
805
279
952
524
782
425
197
657
529
162
126
426
770
675
230
446
202
490
70
549
1000
414
774
689
12
405
298
454
408
497
713
705
346
100
351
318
328
770
220
618
850
40
476
398
191
307
448
887
743
321
932
908
59
55
140
722
780
267
481
767
964
122
402
927
307
940
704
408
153
441
484
289
712
755
415
651
26
456
967
707
911
149
557
295
334
73
618
620
606
447
899
105
511
152
110
564
385
733
345
303
541
903
409
458
959
547
660
188
944
417
703
56
508
23
106
572
638
75
760
190
96
346
466
700
976
965
170
445
465
139
205
642
394
155
551
409
109
519
93
678
38
350
120
291
736
16
242
168
543
279
870
986
726
181
973
663
77
321
361
15
364
635
679
931
431
139
981
678
35
761
25
802
818
935
280
350
931
62
406
466
600
421
648
381
781
687
996
470
764
139
759
422
269
907
300
459
880
235
902
25
475
56
484
722
406
645
942
873
442
652
306
349
45
628
288
846
807
651
754
123
571
239
530
481
668
624
913
981
578
214
595
507
420
957
352
157
374
526
265
622
199
439
390
448
210
498
370
500
337
896
183
473
419
662
623
873
898
889
214
755
391
632
741
140
688
811
648
64
551
952
562
319
768
931
318
237
729
167
614
621
390
119
979
659
197
878
313
172
657
397
624
627
161
452
127
163
866
924
792
725
524
368
742
703
72
389
574
511
899
527
325
600
961
562
211
296
322
176
361
781
895
800
933
557
63
548
432
209
343
14
413
303
52
567
472
244
33
20
290
783
910
96
233
552
711
258
877
790
174
857
109
150
197
176
975
885
897
766
551
157
591
928
972
554
584
732
626
615
153
915
974
305
671
446
652
164
214
8
101
384
226
910
18
443
223
685
117
597
797
462
563
283
523
98
989
401
429
591
324
964
740
759
545
854
392
672
441
17
700
517
830
748
914
633
516
703
391
828
66
258
834
579
152
274
681
738
772
521
76
500
674
129
501
715
84
274
323
525
731
509
28
847
343
451
138
366
499
644
951
678
128
594
774
163
479
588
633
725
124
267
360
139
503
85
212
407
969
26
533
48
985
652
757
438
507
337
862
128
118
618
260
358
355
362
360
219
784
973
622
381
164
873
911
680
988
148
634
802
982
735
596
767
555
357
582
359
97
246
615
271
112
90
19
883
259
762
28
225
843
962
294
495
21
660
231
823
2
878
558
546
621
952
419
177
641
629
981
278
268
538
318
709
858
594
149
807
155
548
231
96
595
344
510
226
727
606
263
59
727
711
369
494
510
615
485
514
649
762
486
567
130
34
787
275
134
99
601
732
273
519
513
505
395
254
360
623
232
62
875
23
69
735
437
264
232
849
648
442
362
481
975
585
714
304
426
837
515
44
209
83
66
140
119
52
263
261
507
711
451
734
662
278
962
633
245
394
932
944
796
80
400
759
434
714
398
942
891
782
439
646
704
125
114
380
488
902
478
406
523
927
90
195
914
623
441
419
824
130
710
730
281
795
574
107
817
985
935
842
563
610
153
79
514
388
911
231
496
257
466
209
515
498
480
503
577
283
373
521
726
689
616
417
552
800
608
384
261
77
792
713
388
881
246
545
223
883
427
781
614
262
45
910
748
195
45
717
540
250
881
404
476
742
656
496
978
934
131
175
808
837
932
785
748
399
226
622
545
296
436
683
568
469
675
469
948
73
512
754
281
998
774
478
728
464
828
707
210
671
897
373
627
237
42
955
292
539
421
920
154
503
408
315
856
363
245
507
876
173
326
339
264
305
481
135
681
715
917
130
907
902
846
410
98
230
426
786
506
387
730
106
843
613
706
942
868
417
888
8
683
80
375
591
434
50
826
961
922
470
258
877
271
922
795
737
983
251
967
212
444
127
572
464
756
15
647
130
236
477
846
810
437
408
690
976
533
786
885
792
152
529
128
912
26
164
237
899
12
909
567
518
66
43
778
35
957
923
587
600
571
963
699
583
996
880
857
998
707
622
81
181
399
993
426
34
483
841
979
964
477
250
712
25
727
429
597
216
801
476
202
217
560
261
383
494
989
111
233
847
32
472
752
756
54
125
805
766
94
374
464
880
17
913
916
521
803
481
742
244
335
157
344
98
836
450
96
176
796
625
114
963
236
393
790
492
929
315
285
301
847
109
146
264
698
962
961
108
252
478
109
956
801
613
486
971
896
964
51
622
360
618
628
109
306
295
265
34
263
83
785
238
838
341
693
563
440
945
393
416
751
348
676
858
482
719
817
226
347
33
126
733
386
831
914
298
654
604
544
207
357
302
533
880
245
960
397
921
418
240
816
665
811
594
611
334
385
346
638
830
782
83
691
493
795
778
931
980
636
820
654
400
956
523
836
603
533
667
368
61
554
433
486
519
713
670
59
600
212
42
772
686
55
489
522
253
950
294
791
631
916
570
32
40
809
504
746
503
184
382
12
507
334
334
743
551
682
238
127
625
83
905
428
566
498
39
100
600
346
96
774
266
395
531
81
95
312
490
39
3
992
304
449
553
934
779
92
358
465
839
661
125
992
310
109
768
130
41
537
225
480
850
106
118
63
400
525
783
599
367
301
682
459
517
567
559
767
780
201
1000
463
813
255
51
116
631
34
237
608
250
877
423
41
152
392
468
937
427
371
971
554
570
415
35
144
652
603
841
909
495
600
966
830
760
523
257
731
749
15
37
241
62
457
400
760
989
816
671
67
326
530
231
574
386
133
470
54
597
654
20
696
883
189
744
880
809
277
995
366
73
799
396
457
256
69
334
670
856
662
886
806
987
954
596
51
479
666
676
141
782
209
2
638
956
252
498
587
826
453
527
783
784
303
603
770
620
479
431
712
492
924
217
396
738
891
185
584
262
741
640
681
206
49
120
809
677
289
375
790
389
26
993
977
968
912
417
84
594
289
491
955
259
164
611
239
217
211
994
824
218
841
749
258
902
909
664
351
100
712
111
753
421
781
309
606
439
80
141
519
125
562
791
863
542
37
55
611
274
568
335
724
962
499
969
803
262
552
75
163
296
352
746
896
424
327
462
954
425
501
645
825
23
511
33
997
207
796
844
24
443
338
510
943
534
154
368
749
135
755
880
598
85
568
971
903
838
451
164
341
140
762
850
722
307
109
337
995
304
589
746
381
135
314
572
539
352
244
288
834
517
102
304
864
872
940
660
246
963
250
373
688
521
337
730
645
279
495
892
199
96
727
665
142
851
83
113
240
479
642
85
600
14
586
314
846
278
494
485
674
750
91
78
788
446
336
401
459
110
354
472
61
523
485
742
579
538
841
217
189
940
171
482
167
510
881
967
231
729
209
865
90
970
944
708
320
49
491
985
560
308
880
976
193
217
658
987
8
24
174
757
385
221
682
523
110
888
48
980
729
471
800
317
375
352
428
332
217
120
469
77
383
914
637
717
77
510
862
473
160
870
493
993
525
959
299
127
435
460
690
135
229
769
224
102
510
603
641
768
732
21
170
393
709
798
701
479
953
118
787
538
824
5
812
774
378
186
962
590
624
759
617
816
151
833
849
657
452
343
397
758
658
380
967
725
207
422
801
780
948
976
966
436
726
447
186
564
743
461
204
382
56
646
136
520
682
996
258
624
761
571
70
952
218
304
87
837
894
788
279
813
298
896
185
394
154
60
385
717
308
685
419
144
165
439
550
168
242
401
891
347
3
788
999
868
112
933
238
166
508
365
366
284
131
562
313
636
772
49
304
696
128
950
579
747
294
964
285
605
270
834
51
319
10
626
668
939
325
55
649
2
300
925
279
447
21
187
174
92
443
614
92
32
236
60
960
808
695
567
306
785
278
196
666
570
779
107
965
511
265
72
358
349
241
754
166
164
664
940
580
899
555
792
776
977
361
432
87
255
923
369
538
88
899
541
480
873
637
480
384
708
653
406
582
36
166
890
146
742
968
182
804
401
977
137
746
719
429
936
186
334
817
477
708
23
134
628
570
615
230
596
426
778
244
900
441
160
474
206
539
928
496
380
810
964
549
776
756
180
807
724
295
420
887
239
727
971
170
884
699
745
434
804
729
339
761
484
820
52
704
612
525
568
291
776
57
401
283
503
345
274
422
770
902
438
673
971
515
141
593
181
891
781
33
885
957
161
202
626
2
265
409
898
438
558
990
493
756
565
10
246
199
26
205
230
472
95
724
297
702
547
115
298
474
814
920
318
202
395
488
657
114
191
230
980
801
975
836
343
965
612
784
619
868
316
759
116
424
714
928
793
71
837
591
448
308
880
76
362
626
942
848
723
596
902
976
183
42
121
930
887
550
708
486
155
762
109
23
303
440
758
631
573
456
410
827
778
494
704
184
382
310
78
398
900
901
171
761
339
315
639
875
535
420
934
742
908
111
478
453
594
714
150
962
643
802
196
755
102
25
991
165
951
504
855
416
210
939
218
50
843
544
172
586
931
320
677
66
240
261
690
776
359
87
95
479
408
177
597
802
713
228
681
266
138
786
835
306
964
80
18
135
835
439
748
105
628
730
687
2
369
906
529
210
378
640
730
566
839
87
444
819
13
47
17
841
861
638
433
963
932
643
865
459
212
175
201
519
549
486
636
386
353
642
272
795
518
977
572
801
176
960
469
909
500
78
181
48
332
231
36
831
152
721
213
659
675
387
398
575
398
782
534
134
366
475
408
176
269
576
857
589
869
195
699
295
13
746
293
927
2
175
979
116
377
921
240
435
874
505
263
810
548
558
79
748
945
514
589
870
64
186
21
859
680
980
220
634
926
345
92
3
49
104
312
734
956
78
121
632
154
722
640
553
611
370
39
694
132
712
883
594
105
558
523
471
247
515
157
10
459
387
317
868
254
309
601
554
92
722
289
286
23
176
675
778
344
751
53
515
380
586
63
856
69
391
200
736
651
602
103
602
117
65
720
667
512
224
962
149
958
352
86
500
836
424
560
441
202
638
952
650
583
137
375
863
31
55
256
241
367
290
546
329
711
644
456
399
38
626
104
792
951
888
751
607
197
225
246
625
391
922
57
534
383
560
228
584
880
622
98
569
968
550
454
176
152
511
235
607
764
994
686
624
561
841
611
908
652
144
487
55
594
22
656
477
756
797
370
337
443
440
44
233
782
405
751
815
226
5
520
39
881
335
747
478
584
601
685
155
355
11
768
492
564
7
207
712
241
316
518
631
252
881
436
717
489
713
453
780
771
358
494
608
744
609
610
526
779
84
550
181
769
311
26
467
544
536
361
34
87
260
630
6
888
292
627
537
256
644
819
67
180
573
563
314
488
20
808
553
181
658
420
495
45
913
613
992
902
864
185
966
5
135
123
239
977
886
184
127
735
587
625
390
324
489
272
418
909
754
588
180
306
272
292
348
130
118
387
732
979
154
754
327
620
568
768
289
565
215
936
196
116
921
169
197
456
26
115
586
231
776
656
209
139
640
208
415
75
973
623
923
778
950
491
73
568
126
10
927
611
608
598
45
732
464
17
722
94
973
119
611
257
576
591
315
636
93
641
781
352
609
431
731
162
275
716
709
331
811
330
861
871
414
570
500
853
814
635
754
100
961
562
795
397
821
17
656
899
748
224
330
402
865
584
653
505
898
241
156
765
439
793
641
716
186
710
35
70
371
65
764
627
987
96
323
292
878
473
625
320
287
349
160
680
1000
140
327
16
84
929
91
161
571
40
836
338
139
358
518
774
877
162
374
510
95
579
715
421
466
707
529
839
701
409
261
138
588
831
250
58
743
805
152
354
497
428
883
832
216
11
879
792
153
383
547
960
345
504
965
957
816
134
145
599
648
276
99
756
699
114
169
323
244
956
973
749
275
26
288
463
203
897
343
523
648
381
809
775
475
8
828
805
156
814
314
574
833
787
665
595
427
811
794
108
23
591
316
510
207
280
69
344
936
880
335
151
134
46
637
437
699
581
919
150
444
682
825
713
202
982
739
606
594
925
71
847
229
323
380
709
683
451
906
962
621
816
103
109
49
687
33
415
117
749
286
900
202
143
892
188
242
996
673
109
252
214
76
112
915
380
678
26
240
186
788
329
21
687
490
866
507
597
295
34
900
775
511
405
733
600
55
897
148
312
718
987
646
758
378
541
673
45
966
785
12
406
702
448
263
346
898
93
348
882
766
769
681
480
956
647
723
6
122
170
454
3
549
144
5
480
546
801
227
226
870
192
435
37
853
892
549
343
131
632
480
805
973
705
849
727
302
933
678
221
65
710
112
16
524
54
196
340
95
268
183
503
319
243
657
139
280
983
246
881
67
684
127
410
244
814
377
94
752
516
869
823
903
360
354
714
191
285
819
168
887
164
898
650
993
680
953
153
338
391
114
415
515
368
403
711
978
398
760
716
751
398
198
972
547
419
152
197
546
78
103
301
198
993
693
448
779
666
665
947
156
502
501
27
858
89
203
775
330
870
292
228
415
491
413
619
32
291
423
812
440
923
162
280
444
352
616
165
25
713
54
81
188
203
116
71
871
133
280
392
364
90
751
907
996
415
36
462
224
550
356
964
899
705
191
688
291
805
231
610
64
725
154
340
362
434
696
715
282
969
257
139
338
140
312
910
457
848
920
621
272
435
873
953
12
412
409
711
406
263
848
487
185
776
162
273
537
577
127
300
747
416
445
593
607
403
651
593
250
856
345
922
917
612
287
141
780
542
269
265
687
819
205
411
856
664
425
594
503
484
998
926
415
939
339
110
682
53
43
226
355
837
621
813
977
353
904
744
962
749
737
75
255
957
575
760
203
776
289
345
120
306
167
929
25
977
508
26
865
305
560
432
437
406
837
204
398
229
134
163
718
209
792
212
26
636
916
899
775
247
605
803
138
372
276
703
943
648
974
322
34
561
780
935
837
431
978
902
939
407
783
854
331
4
414
438
692
53
557
771
504
34
853
262
125
852
747
424
670
176
549
718
278
131
178
653
47
675
26
224
836
851
495
23
432
103
831
71
435
973
770
454
566
29
970
712
32
265
740
583
988
852
977
471
816
940
819
230
789
65
373
13
559
608
289
736
689
598
362
521
448
287
355
434
833
763
348
827
918
71
358
237
954
190
3
615
750
936
794
940
44
212
707
491
377
205
763
889
546
427
799
12
741
790
552
81
200
637
752
896
842
987
192
191
607
147
72
475
512
828
467
537
406
699
468
625
793
598
105
880
898
459
100
860
738
330
760
944
789
785
794
283
458
931
176
433
874
126
253
604
892
781
868
911
402
105
624
303
580
964
256
379
490
90
653
403
530
817
203
463
942
743
650
64
481
455
974
192
929
169
329
363
523
752
966
515
325
405
677
598
93
735
121
800
544
296
449
725
781
848
885
349
734
678
813
394
550
765
535
193
614
971
19
246
327
776
22
564
616
101
871
229
272
648
58
438
984
385
973
810
339
513
157
95
730
56
373
821
420
690
667
424
632
909
890
426
698
918
405
753
288
629
228
411
113
177
326
131
299
678
604
47
883
203
162
136
891
187
686
218
232
854
338
263
571
398
600
834
828
999
993
284
285
403
47
681
121
98
974
437
736
495
684
682
192
699
816
440
630
968
136
378
128
841
41
389
823
294
288
792
