10000
6003
5051
208
2736
8530
3905
6140
4172
8437
4548
1362
6733
7390
5718
1192
9904
2263
7220
2520
517
8545
6208
5639
8090
4247
9756
917
2861
4332
9976
2747
9243
1557
9812
6549
7797
4344
7028
7996
1460
6015
3756
8207
2196
237
13
9358
1718
3539
1707
6117
2754
8354
8989
6058
1404
9823
2287
8199
4398
5487
1487
4107
4167
9152
9594
5708
2394
6523
3537
5963
4923
2198
9612
2989
3988
7919
9582
2080
4665
4238
205
1432
5286
7650
5827
3091
2066
3117
3067
7775
4371
6314
7926
1416
1351
8688
8218
9517
9297
5888
644
6331
5377
3119
8155
5941
822
1052
8231
2971
5579
6197
8960
544
5452
9960
2373
9768
6795
1690
7872
7925
2731
8378
7354
3054
1068
9063
6534
9684
5149
4286
2082
7880
2859
6464
6753
5518
6331
2340
5313
3389
5330
800
3565
7121
1872
8198
5500
6125
4442
8659
4077
6910
3010
6267
1865
1229
8747
3283
4352
5226
934
3665
3034
9980
6579
4999
6486
1606
8241
8520
1891
7206
7339
4501
533
8954
9653
8064
5618
255
3951
4743
4956
4181
9883
1199
8836
9546
7953
4382
7104
3381
7605
1655
5772
6465
3679
3206
285
3477
8753
3743
6703
8415
4013
470
4127
6739
7426
1383
8918
4099
367
3918
2299
8617
7297
1401
9084
1684
6716
6605
1192
4004
9229
5063
9149
1066
2359
8926
5188
4387
2696
992
5612
2615
5640
7151
4523
2564
270
4947
5383
2597
9252
909
2363
4432
2487
3689
6209
1997
3046
4112
7490
8324
7833
7992
5630
6727
3661
502
6690
8520
4623
2561
6046
7394
4916
9529
1341
3883
7506
2469
2677
7587
8137
5452
5821
6865
5247
52
954
9752
3546
6213
487
813
483
9259
5969
8774
8016
1190
2641
9509
3675
6669
1899
5088
1421
7305
9906
97
5502
9741
3018
4161
170
6118
9670
3033
1438
3664
1820
4687
6268
7590
7987
6291
2107
7222
4979
8898
9823
4544
6952
4850
1936
8311
9742
7722
3354
1485
4154
9071
9142
2927
5804
391
9875
903
1225
8508
740
2931
9543
4779
2991
6443
7986
4463
1307
5172
6460
3013
4362
5414
9331
115
7146
5112
6249
4569
4286
7231
8967
5356
690
3846
7771
4826
1876
4463
5977
9683
4466
4720
4053
5599
4734
5473
7219
5244
1409
9201
8463
306
226
1391
634
8936
6888
8814
3277
6217
3133
4763
1305
7960
509
1041
5373
8874
7771
8841
4251
1875
7868
8916
2602
5810
5437
1801
5509
2912
4877
3086
4048
6153
6742
2042
3342
6470
7115
371
5665
979
391
7397
5832
8081
5805
5204
3287
6707
9055
5386
2729
9276
9598
3673
5721
4111
6958
5161
5208
9421
2477
457
9441
4591
9317
3898
5414
4180
765
1561
1131
6813
772
3073
5160
926
3996
9096
5404
8273
8799
2932
6932
1044
7178
7059
6372
4353
6935
5418
2750
7283
2742
2217
8988
7433
8372
4250
8860
8994
1991
1220
4775
2039
7290
9237
294
2164
6137
9934
1566
3630
4941
3024
2114
357
2158
7247
2593
4262
4671
8
8988
5659
4810
992
2039
2696
6208
4360
6370
1898
726
2805
6571
7881
1237
1835
6436
772
1058
5893
5256
3302
5523
9235
9533
9747
8618
8206
1342
9791
1141
1439
2638
5521
4098
441
3848
3577
8855
9075
5467
2527
9059
3918
177
9070
3225
950
6724
7003
3972
4828
7687
9452
6786
9603
8745
8516
7833
1669
1144
4224
8679
4113
5178
691
451
2496
3349
7018
6732
5114
7661
4466
2387
8930
7508
560
3041
7521
5127
929
5041
3680
9159
9272
9424
3162
7292
7425
4489
163
8849
9110
9599
2458
7835
209
8116
2876
6203
6737
6501
5736
8174
4915
6040
4208
346
7229
8796
9999
8407
9012
149
4545
9346
1470
8698
227
8183
2950
581
9100
2274
78
7644
8248
8376
1268
2761
5155
3718
9367
8934
7507
2945
7701
4916
7947
3629
5433
1581
9030
7251
4801
2994
4082
8408
5737
3095
2474
3380
4382
6577
1845
7845
9029
1544
9248
9880
3991
8024
2743
5765
5865
9000
9661
5818
3958
7329
4891
1503
665
4867
4872
5562
573
2205
1088
7652
1393
8122
9553
6595
8711
7968
907
8560
3505
268
2992
8408
5005
3421
8132
4005
4096
1330
353
233
1343
2852
7692
738
3152
7652
4239
3627
4475
4314
6428
1529
3177
1669
6130
6401
4686
8212
2756
8468
7488
2402
6560
9999
944
140
4381
7588
8463
8649
5509
4137
7372
7325
992
1576
724
9804
114
440
1158
1125
7314
8680
1156
3745
5201
1428
1247
1351
3075
5310
3670
5839
8712
248
7209
3490
558
3469
2889
9531
8763
8507
1179
4868
6953
3955
3767
8375
9478
5351
1580
5852
9633
9629
9685
9315
1474
4234
569
4064
9032
5379
2364
9292
7395
9770
4015
9728
693
6157
3975
3916
6757
2645
5439
4909
5681
9858
2771
2184
6300
6095
2999
2894
336
1244
9721
9060
2526
939
9281
1595
3911
5028
1747
8453
8956
4682
6029
522
4290
1451
5251
7812
6666
7762
4723
4962
5940
8022
8609
3315
6215
3212
3469
5999
5205
8980
1200
6372
1173
3567
5566
8904
6083
3244
7145
3078
587
8636
1206
1297
4259
2010
3128
3899
7962
7334
8943
8918
2028
5405
7928
7788
9263
2639
7397
7908
1117
5025
2937
7613
9411
4872
5559
1281
9588
6953
9254
1358
4478
5449
548
9372
8448
7669
3162
9133
317
1957
1695
3624
3738
7459
3808
7048
8752
1648
161
6502
6085
6488
4764
4441
3573
8536
3486
945
2232
8033
2800
7526
3807
1532
359
5217
988
8611
3230
2937
2202
7671
6877
3884
9431
4413
3434
9016
7785
3214
8487
6206
139
5940
7300
3035
8522
3610
229
8282
8300
2665
9172
3061
6888
9394
4922
9199
3949
9601
1563
9244
5750
9556
2476
4977
179
7996
9382
9709
8378
7521
9243
2501
9914
6575
2814
9724
654
3058
5977
1622
847
4414
6363
8968
6963
2605
6344
8020
6034
120
3714
1270
6495
4233
5913
8175
5113
513
7303
9985
6731
4047
8036
5476
9031
9205
2094
8823
3611
5426
6270
9223
3902
2453
8187
4589
4450
7781
6726
4640
9932
7459
8705
4820
3685
919
9859
5032
7718
5100
4031
3364
8284
9148
5732
7126
9265
7167
6063
1418
9642
8068
4022
9940
7661
7045
916
3549
5594
9296
2816
9897
6065
151
4467
3820
7603
5457
7841
8719
9918
5822
2989
7962
965
6755
1359
5787
8011
9516
8222
2696
6836
8047
4028
9643
4503
4726
8581
2694
6109
3546
5272
2815
6655
5744
946
8565
8243
6939
2319
9457
3940
2361
5476
9383
3286
134
2549
4702
5032
8215
5249
8330
7811
8027
5259
9600
3915
6193
7583
1580
1222
7451
6988
9558
3021
5750
7450
3648
9468
3883
1321
5598
6141
5543
3279
6442
5945
5992
9453
4433
6241
9938
1853
4469
2154
8564
1688
116
2186
352
4527
7611
7034
1463
5390
3744
2046
8738
692
6086
3756
7061
5627
8170
8878
6726
7673
7981
2836
6247
5183
3952
4382
1482
8202
7533
4974
6276
2563
1444
3918
6755
6777
7691
571
340
2280
6161
1317
9708
5163
7809
2944
9986
6544
2722
8510
8760
5969
4425
5808
6943
995
1164
6610
9418
3388
7751
9599
2081
7663
5019
1462
9404
422
821
9867
8180
6768
3048
1174
2180
3973
7198
3098
8692
3848
3103
2333
3857
6971
3572
2267
9258
3944
6140
105
1715
3235
2881
7901
3802
7695
5136
9593
6402
6146
4179
8328
4647
5625
626
8703
7561
2260
693
6273
7287
1028
5969
2144
504
2578
1397
5370
695
1055
3163
4203
4089
7180
8454
5519
4028
569
934
5453
6655
9471
9519
389
623
8235
2617
7246
653
7131
7361
6141
8373
7790
769
3971
2849
1598
5057
240
4573
2548
6244
8301
4163
3426
1123
5608
1442
6089
4907
1585
808
2581
8624
5730
4947
8466
2250
1678
2439
7549
5575
3800
6057
4787
8291
8471
2932
2620
1797
5420
3249
944
7236
4491
5919
9742
793
3934
715
5148
2878
2956
8817
6454
6910
4709
6402
3303
1795
181
3315
6791
3661
7706
6505
7013
6735
7740
71
4156
4228
2131
768
9230
1737
5709
7016
3306
9923
7559
924
1127
3258
3669
5836
9401
1412
3699
3105
2933
6979
9523
2451
7142
9472
5184
193
306
3
6225
432
2068
4677
7120
384
5155
3526
4076
9963
3266
7692
9303
4806
983
3471
2340
5097
3257
9205
2039
8925
3564
8043
3296
3436
1863
9663
3366
7643
4864
8447
5634
2366
9835
3263
900
6080
2044
3256
5877
8283
8319
9416
6560
9846
1209
1506
5009
8349
133
2222
9150
4270
1308
6940
3389
6166
9487
6217
701
4472
5805
2871
3062
5226
6240
9694
6169
3253
2853
7446
7246
5164
6861
5016
3594
7013
6518
7140
7225
2675
6966
1744
1994
2243
9930
4966
5062
3756
8962
6723
5111
3194
8833
8812
6028
8743
9804
7814
2128
7061
9080
3375
8764
4307
1648
7181
1385
1725
5931
2106
4177
162
254
5634
3072
7286
691
2503
1081
1261
2685
8391
1459
3583
5983
5857
1361
6279
1165
4361
621
585
2793
6051
4813
6924
2106
6915
2197
7142
1958
2828
1386
8138
9201
8015
2306
4249
2869
7024
5274
8921
4668
344
9688
3476
7495
4086
1628
8004
804
211
8549
9372
2377
6899
6029
2721
3799
8790
4102
9563
9224
8941
23
6440
1856
2192
8470
5758
4366
9539
459
9113
422
5476
2806
3681
7303
5908
8832
7181
1286
9021
8578
5553
4180
2381
799
2460
2893
7894
8593
2865
8215
7943
6586
1952
6729
5272
305
9136
3632
2742
8959
8192
4735
2376
3128
9033
988
6822
82
4737
9178
2400
7623
4407
9028
5461
3542
9068
4103
7599
6119
6919
6549
3948
1265
9539
9947
3745
8073
611
4437
1994
4719
1174
6497
1483
7463
1793
123
3572
3434
4412
4494
9174
3624
3541
4117
57
8611
2865
3132
8422
7747
20
2217
6517
6980
3052
5487
2159
4298
589
705
4622
5966
918
9387
44
8566
5858
7445
8071
2306
5051
1733
9797
8726
8697
6990
8954
2244
4310
5881
5030
9812
2489
4106
8792
2550
8025
6233
3879
5951
4439
8002
6601
8080
9893
4042
9418
185
3835
2470
1894
5367
6632
3752
1076
9976
4580
6180
6358
2668
2776
6718
9400
8741
7327
9659
3787
1744
9900
7649
1037
6707
55
3817
3362
8035
126
892
6361
6611
8596
7789
9309
1834
2565
8881
1954
5661
7118
3911
7464
9897
7525
5153
9225
6594
9900
1731
9604
8342
9001
4399
5036
6603
4960
2329
402
5620
4707
938
68
3434
3386
5838
7723
1364
658
3909
5710
7405
7576
6482
998
7234
4457
3468
8661
4496
4030
2833
6116
4300
7108
3504
4348
2396
8429
7981
1057
3074
5972
2012
8906
4170
4896
5698
206
9979
4522
3730
8918
5238
9003
2806
687
9542
9870
8336
4454
2472
9906
5273
4985
1899
3581
471
6915
6331
1639
5198
2930
3895
5240
6124
5314
2798
5142
6307
6816
5160
4168
1799
5658
7792
340
8576
211
3106
9234
1111
6443
6180
2713
3890
4322
2541
281
8895
1240
2071
4963
7893
6173
6784
7311
6113
623
3798
4802
3660
8530
7711
695
6866
8503
6365
8437
9755
9857
991
700
7666
1657
670
2441
7961
7188
1692
5668
1530
939
554
5856
7042
6756
9012
340
3496
973
6715
4452
4387
3624
9761
4224
5840
585
3462
2291
4834
3501
9992
4750
5525
3924
7995
8332
2798
4097
1973
3528
3176
7222
8200
4251
9557
6382
5167
2355
9924
2770
1267
5241
4980
1595
1959
5187
1528
5812
7368
7461
2113
2856
3465
8484
1423
5446
8828
6669
5574
4182
2405
2631
2011
4467
6569
7650
5349
3359
7871
4559
4410
5307
6197
8241
694
2594
8297
1232
7908
5627
9937
4112
1092
777
2443
9559
2863
5650
7281
4837
2752
224
5435
8367
5384
9905
6386
9823
2411
4917
3992
9102
9081
2935
8577
5748
8309
8685
148
6864
281
4794
2296
8515
7080
326
4933
9465
9986
9337
244
5322
7048
9819
8576
8876
3428
2111
1759
4119
6533
1885
8650
1375
7416
9701
8346
5815
3395
5175
2480
9102
3569
6124
2759
7289
8032
9215
1338
4562
2948
6930
3728
9006
2062
3325
2828
1228
5108
7141
4962
3807
5380
6443
9406
4362
3803
7858
398
1036
407
7695
3209
3944
3484
7660
1274
9415
5110
644
6398
732
7204
5536
3211
3855
7234
4257
6853
5017
178
2978
3184
9576
6297
468
1284
8534
9111
2626
9880
9144
587
5427
5494
2015
2049
59
7078
9081
5714
4702
9184
7977
1778
4378
242
5678
6773
9773
962
5515
7016
4275
9520
4935
4194
7220
4497
8983
3799
5755
4160
7497
3455
8066
5689
3149
4451
3650
6813
6939
3800
9586
1744
2660
4163
292
3787
4158
3339
6014
5085
8276
5585
8187
7056
5982
8338
9425
2508
8350
3357
6887
1664
7597
5971
56
74
6212
6850
2779
9023
1805
1898
4908
8071
9437
998
3792
6085
448
9259
725
9348
1021
458
4820
4291
2513
1622
4132
2932
9537
3567
6855
4598
6787
105
4762
2427
1016
1202
3882
2138
4710
26
7837
2138
7183
3473
8999
4118
1426
5652
4173
1156
4946
4919
2930
9347
9809
7237
4589
4948
1919
5690
7269
2481
6957
5540
6559
9996
6124
1294
3116
5806
9453
8733
4135
9890
7748
2055
83
272
5908
855
885
9050
2188
829
8346
7295
8863
9209
3712
335
6590
214
5597
4478
6742
663
704
9423
5451
7445
6206
1669
3619
546
9623
698
2644
1012
677
6090
3067
2461
1954
182
3835
7146
9801
8545
4368
2740
5324
3673
9031
3553
8669
7620
2760
6534
5543
4617
4664
7481
2663
2914
8749
1477
1586
6697
8390
728
6790
9008
8400
1068
4121
6445
4606
5624
391
589
2278
1698
6105
6030
9801
3437
4342
530
2060
3321
3020
4698
9187
4843
939
3658
4397
2740
9986
565
3449
207
1412
1935
8228
5221
3597
5242
2007
9077
7956
2348
3381
5553
3420
8204
1632
8412
5761
3536
7292
8819
886
6691
5538
8048
5814
7370
5642
3140
2292
7650
4077
5967
9938
2130
9447
2122
3124
4095
4926
8846
8574
6553
1609
4206
8021
4284
7207
6507
3788
7215
5857
8058
8647
8397
4892
3739
6847
294
4866
7242
9748
2857
6066
5050
8966
5855
8723
932
1616
2801
1784
4335
7574
4213
1664
8463
3777
9194
7527
8659
7588
481
1406
1820
7754
3114
4808
2212
7908
1012
535
7639
8159
9869
1997
2274
1473
2061
9711
6770
6915
1851
391
8825
7326
4843
5683
188
4549
741
1207
2958
2757
7217
9449
7757
1595
3271
2667
7565
3475
7798
8715
3871
2896
6514
7154
3491
9648
6149
3128
6420
9997
2046
5719
4212
7248
7518
734
7577
8737
4107
4100
340
9249
4379
5060
6771
9481
210
302
5751
8047
333
9969
7108
2196
6390
9433
5628
9065
1640
9799
178
8479
9879
5332
2000
1087
6287
7005
516
1721
1001
2148
2887
2414
3055
501
1215
7912
5541
602
9153
1557
2741
3390
9065
8516
5749
3106
8173
9364
7216
3141
8697
4752
6773
568
3986
3002
724
3780
1539
9393
7059
1888
9401
3080
6556
9135
2655
9117
7633
758
4268
7627
6712
3756
9598
5881
1203
4933
2704
2217
9792
4856
531
2652
7495
5262
5417
7508
5896
2057
7389
2632
6806
1024
4834
3017
481
3945
6665
419
8670
6959
6401
4574
1499
1013
4351
6538
7234
7042
1219
2013
3834
9701
3031
1291
7631
3518
733
8971
8741
9001
6441
8797
5001
4754
2571
4767
6745
4844
4389
9731
2271
6378
7
7454
1838
8559
6524
4146
8973
1393
1606
7239
245
3338
1411
1477
4780
2858
1652
160
5883
7280
633
5329
7404
7866
1078
3317
103
1136
9604
2153
9668
5917
2378
5386
4290
5643
612
1058
5651
1897
5472
5222
8983
2277
9637
6752
1850
5152
3433
7692
9494
2045
2388
3262
9217
2456
4156
6425
6484
5026
9781
4064
2899
8362
433
7411
9454
9449
1627
8079
1732
3312
9943
2234
8328
6295
1019
2476
6484
5979
2576
5396
9557
8867
464
6518
6612
8371
8992
2375
7359
4831
5931
2499
4643
6
3527
7780
9705
2934
4911
8478
3662
6399
1439
642
2431
2307
2134
1170
8025
9227
2827
4696
1741
6555
7009
8092
739
6254
2606
2205
9727
8880
9872
1406
1172
4764
1629
6371
7359
457
565
3688
6694
242
5319
9019
3494
2345
7592
9063
3272
242
479
4679
5992
4574
6700
5532
7607
1908
9137
995
8195
2517
2934
9367
4210
2686
1545
5499
8736
3337
9953
1736
9359
4104
4981
9294
2358
471
5363
936
6478
6513
245
455
1505
8139
6075
5990
5894
4398
1371
867
3832
5166
8665
9408
1097
3444
2193
2485
6375
2958
2038
933
36
4685
872
4072
1185
3285
8367
4384
430
1076
9933
5122
9994
2992
900
9048
1636
9916
4469
2265
932
7082
4331
8864
3101
7244
2087
9628
6519
9737
3431
5643
2314
9506
1855
9221
5449
3426
2716
7066
5807
1925
5179
1677
3447
2251
4612
3160
4005
2542
2430
6957
3205
6545
573
1721
6852
9583
1699
7787
4622
9521
7507
6045
9909
5926
9806
3743
4711
5646
8544
9330
244
8074
7785
8897
1830
9166
3794
3791
5580
1138
4998
9699
4977
1797
1643
5195
7089
9749
6770
9898
7887
8506
914
4407
3681
8840
6922
4371
5492
6638
5088
9803
4390
3033
4760
976
6789
9546
5606
113
4829
4291
3352
599
8265
3043
4562
4226
6945
9638
4088
5060
4712
4444
8382
8904
6037
2858
2213
7089
1808
8838
4806
3594
5022
9334
839
2516
2899
6657
1224
2897
5614
1014
8025
8676
557
6295
5048
9952
9686
7059
114
2946
2533
1312
7593
5967
7441
1514
586
6670
5623
4422
7065
1810
482
8849
2331
4117
2126
613
5430
4998
6009
737
1317
7652
6187
5878
5531
2936
7224
1894
3849
2437
9676
7724
8917
9285
447
3889
3009
4898
3853
1138
4792
134
989
7954
5587
411
7478
7579
6258
6464
8564
7053
7099
3179
2858
2319
834
6074
2237
5223
9006
2364
2325
1106
6616
770
9616
1535
8130
2643
8810
2126
6896
1760
1685
9101
8443
9939
6589
2204
3690
6295
9373
9103
6267
8873
7953
3716
6561
3266
1236
6877
1310
1035
4459
2433
9215
3857
9858
4208
154
3272
5337
612
7070
2682
1301
7640
9451
9532
6880
9855
3229
6401
7585
510
9969
1912
2899
4134
1368
7889
3140
270
3571
3167
148
4701
8552
4468
6981
6924
8689
1049
3909
6432
9885
451
1263
6928
6023
7981
4590
3866
4973
7417
2942
1014
7965
4378
6316
6366
5727
7798
6274
6643
1475
6638
2601
9319
24
7992
9197
1387
3979
7589
9029
3261
6430
2246
9312
2495
4048
6609
7150
8525
5041
2285
110
4019
2489
371
9017
2108
17
895
8076
9778
8782
9293
8105
9007
617
8087
77
7725
7751
8234
4748
961
5209
2873
3040
6011
4265
803
1204
8480
7305
7124
9381
7467
656
2802
8804
7998
2658
8979
6020
9617
2989
3413
8749
4947
8021
2016
2841
861
1104
4323
6
3564
8040
5369
6026
9965
3394
5140
8782
7298
6704
6848
9855
9990
1496
1639
8626
8835
9594
7880
7706
3038
147
5176
6737
8542
4612
5656
7618
3133
7767
709
6820
1501
9179
3940
2906
5930
6083
2509
5318
8257
8963
2354
1295
7106
9369
7285
7580
8184
8890
1944
642
6214
1026
5589
8508
9962
2886
6047
8265
2179
8574
3856
4357
5529
8686
6708
2087
7596
9960
632
4303
7969
7448
6778
1855
3944
5304
6044
5021
4870
705
9976
6761
7922
2655
582
1832
28
6532
2858
2164
9765
5852
9989
4845
1875
663
7391
8535
9671
7581
5492
6821
2872
1238
2433
952
6636
2942
6274
6751
9920
1899
1770
5376
8234
1693
5096
6766
906
5748
6500
9818
1442
1823
2426
6506
7421
2824
8304
4093
9900
5784
4940
9374
3739
7798
2628
2819
4919
9242
570
9886
5720
4870
5810
856
298
6721
1034
2627
9389
1091
2133
3895
9293
6668
1378
3390
49
6630
9628
6204
9867
555
7311
5060
8113
3720
4686
3676
6433
944
7862
9814
9788
7727
229
257
3339
7323
2612
5777
8480
5248
7389
6796
2229
7049
7353
963
8379
7493
5962
4695
3845
5992
7063
8478
6980
8403
1134
9970
1475
5382
5600
1635
381
1985
4701
8989
266
9793
4814
2296
8003
1196
9550
6155
7847
3544
7417
6327
5016
229
13
2275
9851
7155
4779
840
1117
7956
305
5166
8434
6323
5526
9009
5212
7422
2403
9453
8130
1143
2925
9058
247
6498
997
511
2852
8913
1888
8366
2633
8116
9281
6244
8379
7257
9266
7157
3712
276
195
2290
5897
7571
9899
9039
3388
5856
7094
2775
428
640
7180
3871
957
1847
7384
8090
6185
3006
4515
5681
9231
8232
2922
8499
8635
2147
8944
4506
7231
3370
1468
969
1620
6516
7786
6040
448
4604
9767
9856
4388
8626
3575
4278
2440
1943
8042
1606
6779
2163
1836
1800
4230
6452
1957
8875
3216
4733
1419
1625
9198
6526
9033
7828
8043
9645
8495
4010
2712
3931
8259
4630
9473
3626
8001
350
5321
2516
1237
8799
8973
3489
1079
3623
9797
6964
6275
9079
3095
3509
9300
219
5131
8881
9866
242
6730
6847
1413
4212
5103
9495
5165
2448
629
3941
9202
5386
6964
7663
7600
5728
2418
719
1289
3722
5932
5754
7124
8065
512
1151
6986
2784
2808
7040
7611
7610
3732
8945
2472
549
6505
3978
2893
5992
7407
6033
18
4538
6772
35
5272
221
5712
9619
1613
1061
528
879
3851
2668
5611
4189
2437
9351
3304
2004
9781
9795
5429
9101
1461
7523
2529
5855
5629
3161
8987
2574
3483
6513
7136
6650
4090
4269
6949
1073
8622
9999
7739
2529
2600
1207
5157
9576
1422
4053
6020
209
836
677
6302
341
2545
4221
5673
6090
9078
830
5713
4367
3448
8021
4060
6551
7314
530
3935
32
3970
5076
7805
5833
2670
1462
5371
8030
9801
7682
8831
8558
8751
7
2237
4423
3087
2279
7078
5390
2425
1340
3223
2072
4989
3590
1898
4851
1253
3067
2070
9475
4752
6714
5281
3971
7370
3268
7988
7058
5245
966
7158
6212
2656
1776
1211
9501
5944
4033
9226
6967
5924
3349
2336
2177
3113
8479
3224
3297
4461
8666
2420
138
1796
4606
378
6785
5563
9908
2208
5186
4827
5997
1345
4051
4076
1888
6340
252
7913
1378
6676
4309
8304
8573
1672
2521
5206
1921
9142
4948
8129
6691
6178
5463
6854
2293
8717
5544
6570
830
5945
7514
3957
763
6228
1159
3948
8558
9233
1736
1388
1009
5974
7228
3221
240
7157
2694
5180
2570
7002
8539
8818
7864
2489
3239
8492
792
2677
3332
580
7723
7018
1087
9172
453
2565
7062
8797
2638
3789
5862
1033
2260
2224
6340
2102
2094
3243
9942
3890
8061
6398
5061
625
3613
242
1824
3081
1661
627
8416
8357
8128
4777
3228
5544
7685
1167
9351
9013
8265
309
6642
4687
707
3417
9495
8065
3822
6977
2351
4929
1229
4236
7685
6398
1821
9190
5186
551
5311
941
5265
9380
7458
283
2867
8459
1791
1656
5678
2502
2822
61
7916
9906
8279
5235
9417
7505
7911
6562
699
4418
5863
604
125
4333
8324
7956
1798
832
1157
4653
4000
3571
8304
6163
2166
3684
2325
2436
9969
1945
2510
7745
4302
313
4712
6016
5455
4769
4049
7070
7591
4895
273
6366
9590
7794
6831
2858
558
8852
9344
3004
6847
3734
4736
7803
3403
5982
3922
5391
9747
4653
410
4284
7023
7698
2726
4461
1346
1458
2316
2295
9191
6747
6331
1319
7683
3687
1319
3008
6520
3504
8377
9216
6708
1471
2998
1303
7195
7027
6145
4459
8428
7298
4975
45
7773
3705
7446
7516
5200
3639
2147
87
2194
4645
3546
5068
2223
6069
3156
9778
5929
1879
9244
4147
7796
1128
1764
994
9632
6295
8965
343
2631
5892
3404
9527
8086
1540
8042
7316
4471
3555
3368
8631
3660
5674
1016
9621
3187
5163
9451
1387
5498
526
894
2870
1660
405
6247
4620
4035
1893
964
3756
6879
1908
9876
2826
796
9421
5382
4266
3286
1770
5029
5838
8377
2855
738
12
9736
4132
6259
1730
5669
4989
2718
8544
4537
4929
3265
7429
3419
2209
8742
2164
3704
3146
4121
1447
5099
5097
1757
8910
1217
8117
623
3091
4386
1386
3754
8024
8945
7199
8817
4845
901
3858
4452
5347
3379
5
4084
5961
219
4334
6262
8603
8091
2897
3324
5083
1691
8893
1837
4890
98
3722
8180
2097
2867
1014
6481
3205
3074
1493
6282
6778
4577
709
3732
2329
3078
1139
3033
880
8497
7490
6022
1707
1378
551
6386
8579
5547
5707
9108
692
6344
5870
9539
2442
5063
4433
9266
6079
9055
6430
563
3595
6765
1572
2190
6090
1350
6288
8566
5693
8867
9292
3467
7563
6836
6580
6088
9717
6121
5023
7324
5763
1065
3074
4368
1853
1793
4978
3485
173
1468
2904
8274
3244
7097
3838
8450
7054
3554
8677
1885
2243
8922
2726
7405
5311
4715
8095
1072
4408
1777
9477
6066
2896
3639
1329
2845
7675
7074
4381
8820
4725
8732
8110
1607
529
1640
9162
4488
2260
749
5748
4077
694
7401
6080
236
8877
8458
781
7118
2828
4789
1340
4340
3456
9172
8292
830
4866
4094
1224
3149
9870
1779
3848
9760
6697
7423
3262
8365
371
4249
7537
8905
7300
2593
3590
6467
8894
5816
4325
7476
439
5276
311
6267
7111
437
9037
3046
3917
9723
6299
9192
8979
3407
3623
7539
3781
9439
6541
1858
5736
1029
707
8189
4773
3339
9429
423
6465
6331
3098
1113
2983
6198
4188
9744
7563
9871
2384
7993
2649
1366
1817
9587
6495
8600
2091
465
8358
2006
1610
4202
5298
1317
7671
3444
2201
6420
7334
8292
4576
9792
2837
3290
5352
1084
3365
6435
5187
3936
5257
3543
2366
1476
2960
3791
5584
5280
2540
7407
5513
6138
6185
3142
7969
5009
6954
8985
3645
1615
2953
9131
6669
6760
62
8245
9240
6249
9729
6130
8589
298
5473
6277
6986
2135
5588
2900
9524
2211
1524
9124
5894
414
4281
4753
8879
5596
7896
8004
7426
2503
304
7296
3248
440
9525
7490
112
1559
3825
6104
660
919
2686
4934
2616
952
5252
3262
1891
4314
1910
9632
4225
9864
3673
8155
6096
9739
7456
2500
541
253
5262
1792
3992
5298
2486
4897
4603
6823
9304
5093
5958
5068
6863
1265
2503
2985
2361
4966
8568
7409
1567
4731
8140
7212
9612
3948
318
9805
1001
2145
4662
5698
1769
5427
9424
2745
6685
7025
2808
5471
5424
504
1702
2535
2527
2717
3829
9680
702
3688
1610
1373
7174
5539
240
6705
7988
7907
68
4577
2649
3331
9790
594
1265
2376
5310
4306
575
7563
7576
8796
1236
4924
3250
9804
9507
3043
2276
9912
7411
5249
9228
6023
7841
5875
1853
1934
7274
8036
2914
27
7071
7394
4310
693
9532
4555
2800
335
2155
6151
3003
7981
4281
2439
7626
4155
1994
552
1612
5372
2630
7968
9398
5414
8036
596
7385
6503
5479
8508
156
9386
3132
3219
3195
4359
1325
7542
6625
532
7756
920
8917
246
2010
1603
7099
1487
9541
107
406
7049
3154
8617
7571
430
569
9701
6301
7794
7672
2918
822
1265
1381
135
8439
9945
2765
745
2590
2280
6196
218
6583
7577
4258
4034
181
663
680
2645
9200
7715
8668
2619
9640
5234
9893
2994
2913
6503
6348
2280
5348
8574
6044
5459
7400
7938
8514
7628
7785
9640
9838
6038
7624
6549
4168
8267
2799
583
9995
8696
533
5997
2735
1523
2571
7329
930
6583
144
6223
9584
55
975
3110
6705
8161
1705
5313
4685
7400
5046
9536
5080
1073
7188
7819
1173
1394
1065
8831
6802
54
4579
6835
4348
2946
3188
6285
3872
718
8421
4118
5965
4065
5542
8653
3325
3484
655
8304
5110
4731
8225
8598
2772
8584
3254
2644
7103
8984
3967
9885
5895
8604
3731
8974
8921
5143
7033
5443
2379
973
1344
2535
2862
256
4024
8707
4633
9775
7600
3851
1477
6378
2476
3902
1626
6293
7769
1625
439
3693
3355
9206
655
6107
5208
3777
8070
6564
6647
4318
3578
5065
4068
8414
9586
3479
1578
9360
7961
9695
2588
2999
608
4197
9023
7161
5087
9933
3050
2618
4060
3792
3723
7526
8733
6816
570
4865
3386
5865
4855
8275
7135
9231
2013
1860
6310
5800
8293
7390
9272
8946
4182
574
3711
2651
6956
2931
4361
2318
1645
9218
389
4044
2564
888
8450
8783
5536
9719
6594
4003
1150
6501
5898
239
9375
6808
7081
4254
348
1991
2374
1273
7041
5671
7961
2325
3706
7607
9840
8163
9577
8424
6478
2726
9407
3660
1446
9008
4570
3878
3330
7156
5995
37
3820
6438
7575
1642
4950
2818
2859
6930
5646
737
4754
2222
4615
8960
7969
5861
9708
8094
131
8864
424
4274
4268
7071
2990
8539
5257
9751
6971
5273
9102
8860
5088
5731
7065
1616
1193
6622
9769
5316
1127
4317
4760
9224
6918
1906
8288
6097
6930
7266
7216
7450
9355
9971
350
7278
5408
5472
4018
2717
1902
9167
696
304
9515
7381
8061
3779
3977
6333
377
5419
2388
1652
3971
8517
5434
1624
3957
4982
6207
2402
4733
5328
2439
1490
606
4024
8258
3725
5434
9303
1018
7682
1819
1197
1291
9722
9175
3960
117
456
1487
7466
9942
1684
6349
9457
8739
6254
6753
3162
7310
293
2840
94
6338
8022
9168
1373
9600
9575
8588
375
8613
854
2177
6659
824
1851
1697
3707
5891
1247
4711
3267
645
2278
6876
7696
2423
9240
7299
8902
8980
784
1115
5672
1752
7422
191
6998
7442
8665
9677
7920
4086
5688
4498
8200
6152
4998
3801
5512
8547
5493
5080
7677
1701
5607
8889
3907
542
4881
8434
4057
5058
8439
1288
8210
656
812
5987
2916
6204
10
3301
13
6725
8436
1741
6180
7447
7774
2920
4678
284
1309
3895
3303
1206
2827
6276
8516
5503
5073
179
4929
1671
9958
4322
6958
3852
675
9544
3252
8157
8949
2787
6454
5362
4294
6264
7906
4244
828
8562
4927
9115
560
5833
6009
8873
2498
7000
1695
4330
7264
8433
8613
3490
4700
3518
8391
985
2938
2406
8653
7865
2169
6543
6779
9995
1581
4128
354
963
316
4439
7739
8054
3895
411
7718
3653
329
882
2262
320
2848
1455
9806
6992
3872
594
9631
5574
1643
2755
7087
3752
7106
6997
7165
6379
2570
9319
6356
8937
9653
3299
2256
3184
2151
3253
8262
4712
380
9573
4516
5385
3716
8045
9183
3807
1813
305
9780
7048
2801
2162
7745
1906
394
1500
3617
5625
6915
4898
9357
4228
5010
5888
6141
7397
4802
1365
195
3237
4683
6743
1194
59
3694
1761
5767
7017
3289
66
7764
8941
1726
3666
8557
5628
4602
9363
8257
3849
3748
3542
866
2179
7820
6558
9288
1136
2381
9967
1907
6067
9124
964
3454
912
9275
3144
1260
5514
9706
7733
3548
8146
8151
8774
5030
5305
5422
5303
2753
4556
3832
4646
518
8512
3057
1835
6955
172
370
8399
5617
3576
4458
9439
2960
9535
5735
7602
2407
4738
9827
3134
5729
2723
1662
3644
4464
7836
556
6980
7522
6402
9386
1962
3669
1495
4033
2101
2835
7869
8328
3793
1240
5835
9660
2922
7305
3376
1538
2203
1667
3300
9905
7232
2488
8758
4162
8871
5431
2836
9683
467
3900
1005
3453
1955
3095
9101
1932
3466
7384
5363
1258
6463
4622
6316
5347
3485
5762
4344
8122
8987
3495
6640
8711
2015
4762
6521
5299
1740
475
9649
8419
7917
9283
5777
606
2078
9114
2190
4911
3238
6464
8392
6317
8277
6357
8565
2820
9572
157
4332
129
2281
2602
7573
4497
5486
3901
9474
7210
3364
644
2296
1699
9738
3861
6801
8979
903
3574
1923
6120
4707
8783
5824
3306
9172
7613
3447
2172
2879
105
1793
8855
7823
2016
5266
1667
4584
5977
9927
9064
9918
475
5976
8869
367
1580
6850
7810
2216
8826
9780
3180
4266
8966
914
9990
3376
8189
2274
449
5174
8066
8775
2872
9190
8179
4385
6990
4608
5271
8676
3580
5344
6577
1003
7077
58
2320
9025
9216
6163
2732
672
6459
9222
6895
5786
3085
9982
4997
255
1392
504
6234
6753
6153
2885
5081
1796
2210
2388
3889
4711
7767
3858
4514
4243
2439
155
3996
2873
2443
4106
2065
2573
8291
3919
1288
9149
6366
3844
1515
4938
65
2767
438
7199
3246
7787
3913
5969
8114
8119
64
4221
2989
9356
4094
5835
9752
3107
5748
1316
9691
3556
4982
8498
9992
3616
303
6344
9254
1853
1081
2575
568
4502
9313
7410
8045
120
4161
5573
6760
9670
1318
5875
5076
4510
8657
2404
7469
8878
3965
6011
6321
4437
3168
2212
2975
2378
9169
3005
4925
7122
2664
611
7369
2061
8847
2604
5666
749
4784
3568
7318
746
8838
9945
6915
3337
1133
991
1962
791
5351
4536
3130
8818
1261
5768
8801
4688
537
302
5338
8554
8855
9238
7584
339
6732
7567
9698
2045
9105
5161
8548
3797
5199
2074
1601
7379
9772
7082
341
4585
4721
7894
3517
1738
8743
1178
2709
2823
6537
5061
3032
7937
118
7563
5590
234
6906
9515
788
9492
6111
6
3883
978
3537
1010
8572
8530
6489
4232
6498
6670
5024
2009
9816
5744
4948
4655
4417
6313
400
823
4246
7993
3778
342
7840
5270
748
7201
5031
7663
407
5216
7076
1362
3640
9703
689
5344
3478
2725
9370
8131
2743
6365
7168
9318
5496
559
4056
9195
6744
2901
7428
6945
4619
2502
8495
6527
4402
8715
7497
6378
4406
4533
7784
3149
3398
3185
7449
1554
6998
8566
2137
2078
2591
821
3141
150
9195
1466
7031
7195
7874
3240
660
359
7032
3355
6631
787
4656
4270
1375
1493
563
6274
3672
8868
9191
6739
4986
1110
1716
5185
993
3483
4563
8680
8819
9625
8803
1984
8177
2444
9894
4839
4212
7102
6995
1871
9352
5834
2472
2975
109
7772
7102
5658
3466
3537
2662
5045
4470
9115
6887
1027
7015
2231
1422
6417
9316
799
9047
3004
5984
2688
2170
5854
1011
7270
1453
637
7
6962
753
7028
6922
562
2535
8335
8171
741
1986
3403
2107
4833
8047
1384
9989
286
8143
7249
7640
5788
3717
9433
558
3853
5721
3004
8305
5857
2310
2274
7368
379
5730
5447
2142
2200
6576
4347
7034
8516
2825
6736
2351
1605
1924
6247
6222
5386
9661
237
5210
7416
9518
4837
5688
2545
1168
9344
9780
6759
2269
2255
9054
9578
2201
5342
3358
9265
7574
144
9144
6448
7693
187
8535
6319
915
8334
2122
7699
61
7394
1668
9264
7712
4096
2758
1912
4838
5904
4695
3162
5915
7981
9938
5330
3257
5783
7429
2659
2790
897
6862
1425
9701
9260
6087
4140
405
5625
5554
984
699
512
5275
2375
761
2101
4590
6412
3931
4397
7964
1914
1123
7168
1016
1174
7436
3122
5710
3706
9247
618
587
2451
3693
2189
4921
8099
7293
4578
4234
5576
3203
1439
9049
7337
3457
1232
7450
8693
5542
625
4363
5439
9631
2491
7310
4915
8192
7514
2884
1972
3637
295
5596
7926
7706
6791
2162
4964
7311
1404
4672
948
3534
4968
5079
5416
8298
7000
8313
317
302
6433
2408
9271
735
1997
2301
6533
279
8750
9159
7809
9995
7246
3027
2612
194
7512
5417
278
6461
6294
437
6152
9412
7989
2698
510
9286
474
3455
9762
8230
458
5269
7770
6916
9828
7108
5496
9738
1003
8090
1314
1384
4408
7089
3513
212
9881
304
5358
7448
7223
859
5804
8062
6046
8233
2554
716
1766
3812
6076
7073
8557
1740
6710
197
9797
1625
9935
2433
3218
2438
1461
5920
4485
7435
8747
6792
3123
8417
5257
6181
3800
8909
8761
4517
2230
2426
6579
7798
4603
6739
9783
8657
8613
9676
5584
1442
5983
4831
6750
8203
6013
1994
7587
4536
4178
5244
2032
9645
4991
799
9933
4157
8537
278
2443
1260
8039
555
7754
148
5271
3271
8681
4560
6028
7100
700
6206
9343
2647
1910
3083
4344
4889
48
809
4926
3172
665
1689
8940
2106
689
9766
1337
6443
2918
8687
3298
8464
4490
5057
467
6206
3446
9183
2190
6397
7604
3152
4770
4699
1457
9149
2383
7182
2202
5040
2947
4868
1666
2409
5416
8265
4390
1948
4047
9073
8713
2091
3460
415
4500
1239
672
4079
5951
6309
1237
1871
3177
8242
4533
1919
915
9259
8585
1258
1707
9279
6058
6945
8733
16
6111
6329
4451
1368
5839
7524
4689
6292
9395
8777
6639
202
4085
9371
1837
4573
2200
3563
1842
2287
6223
3057
8319
5016
4368
360
8197
653
1944
5454
9029
5053
2723
8339
1513
7614
7003
7664
5611
5665
538
2518
1142
7073
2403
4760
5667
6553
3993
1012
9184
5122
3034
2407
6668
1373
5126
1538
5467
1945
675
3049
1522
6983
3368
6749
632
6713
9006
7732
4194
8397
5794
4232
9557
2120
6390
2216
2860
4373
5524
1378
8416
8476
5370
5943
2009
1049
1948
7777
2185
6447
3485
7735
9717
6281
3617
1956
2973
4645
4492
5771
7074
2708
7958
7369
4485
6742
7234
1402
9278
6131
2080
9652
9436
9145
2399
1191
4498
2436
6427
1202
9643
449
596
3079
5959
7220
3408
2920
2614
7391
2400
5232
3117
3259
6907
3766
3309
3357
2627
9787
7342
5932
8227
5772
103
5016
1381
7418
1933
716
9977
2415
1724
4023
7725
7458
2260
7685
4418
7855
3048
3066
7845
5062
7357
7633
7044
2898
2867
1017
6081
7123
1690
6265
1666
3946
4538
4186
4915
7536
8915
1080
4086
8265
6309
5928
7711
852
4722
8419
6090
7636
2730
187
271
3031
5382
2492
2527
8405
9259
1230
2521
7069
7062
6648
9536
3057
7562
7706
5336
9926
8860
1504
9876
6117
1448
6168
4600
5488
9308
4479
7554
6106
3088
817
4337
6587
3351
2958
3315
4178
7586
7768
4550
6359
4977
5496
4311
1685
8950
5404
9929
7940
9614
7603
5331
4531
6141
6583
3389
3517
6521
7012
8602
3360
8758
2381
3648
2752
1998
1433
7486
8849
4286
2737
1967
5918
4399
7497
97
2183
9633
1156
4569
6794
5594
6295
3585
6146
1699
4556
1197
7024
1090
3958
4765
8836
4842
9796
1516
3925
5127
7748
8933
2268
5985
3718
3356
2937
1202
4726
6749
504
5835
9225
7673
8381
7200
4961
5213
3792
6566
6006
8139
394
9311
679
2972
5109
929
3367
8101
4483
9956
6961
5752
5942
2976
5546
2811
8580
2377
5535
9860
1802
4133
8511
6243
4243
8274
1184
4245
981
8068
1877
2940
8286
7346
665
7012
341
2277
5338
798
4048
3958
5077
9076
1908
3636
4284
8493
8279
55
1621
302
4054
6849
1298
7665
9871
7662
8742
5765
6490
1543
8221
1143
2062
1214
5026
914
1320
3724
8934
2767
8903
8866
9755
1345
273
3606
2030
1248
6913
3309
2484
2315
5435
675
1551
5246
4016
8698
8620
7627
4477
3590
1808
5658
3956
9649
8008
604
7940
8830
3651
7878
7541
2600
2748
2854
4025
206
6344
9118
7076
1168
6162
8249
8315
403
6203
5836
6652
7098
3857
1981
2481
9574
3108
6243
7553
7391
5977
3111
2435
5935
3524
6462
9543
3763
4396
6988
8101
7811
6319
1782
8815
2006
5974
5897
4865
4262
9525
810
6772
311
681
7359
2670
5606
6337
8530
8928
1322
1032
3424
2594
609
9391
9739
1505
5594
9102
191
4829
4179
7451
6200
3846
3018
996
817
807
9932
2255
7482
8454
7824
330
4518
8215
4769
6876
3757
2304
9203
8476
900
2898
179
1591
4816
350
3004
1997
3267
6022
371
5429
9290
6303
4420
6227
7213
9358
1271
7998
1865
5106
4947
9923
1048
9834
1767
4724
4000
3858
2148
3090
1819
2417
7953
4881
8989
2804
8291
4389
8572
85
6318
8471
280
6832
688
2175
1788
6771
2044
2988
719
7436
8677
8088
2907
2427
5477
8125
6841
3827
7406
3178
610
502
288
6197
815
8577
5272
3605
3215
4855
9110
7706
6033
7006
1860
8062
3726
3102
1769
3248
2022
7316
9713
890
5499
7949
8287
7907
9841
701
7918
2792
3413
6077
6998
5146
2767
6544
2713
9968
7384
5094
5012
8237
8346
4311
967
2423
8170
9525
6163
5867
7662
9424
8079
744
6972
5843
6998
5792
270
9276
6122
721
9685
7630
6158
9739
4838
8182
5050
4475
4514
1403
8249
2687
2822
5160
3187
9854
6460
3664
4493
4270
5678
5487
2088
3242
1703
4903
5064
1391
7807
3835
1225
4103
4877
9855
2235
9286
3533
3501
3033
6153
3025
4039
5438
7708
4635
3682
4544
7185
8208
569
8130
1257
923
8195
9154
9607
6882
9774
2498
6848
4777
8600
2244
5763
2038
9712
6828
8233
6601
809
771
8605
6112
8929
8677
1196
1722
5499
2194
3262
4844
7162
4230
7187
2496
3559
845
2628
9297
5611
510
1553
4296
4085
3140
9862
445
7880
5039
9182
7
7068
558
1415
7162
4134
861
7030
5477
7394
730
6635
9017
1325
740
2771
5926
387
1405
2027
1283
3938
2295
2733
8357
3368
155
2523
365
3430
135
7492
4940
2351
4344
613
9278
8148
5475
9881
9638
4888
7900
1679
1440
9122
4511
8259
8324
2759
8628
6475
5853
8066
4007
1565
1034
6672
4281
4680
9796
1090
3711
8466
5929
697
4392
2997
1210
9651
1536
7795
5417
4059
9650
7037
3964
3380
9095
7759
9556
1042
5180
7692
9745
4659
7820
91
4036
8649
254
196
6189
2260
8960
4747
6711
2546
2338
6469
1181
3151
4526
1440
1644
390
4458
3762
6159
5471
5254
9939
178
1312
8573
8532
1845
7747
1261
8719
7635
8659
6357
9837
6718
2904
4899
5526
2770
9266
1488
7141
9148
2912
7153
2633
33
5390
893
2627
4479
8576
2682
6777
959
5488
7042
128
3439
8522
7609
5300
5340
4510
3548
279
7238
7975
1902
9762
6705
9003
1080
2587
7719
6698
8388
4219
6332
5322
5882
7071
3640
3395
6339
340
6016
2148
8393
3013
4619
1262
8647
2749
132
2475
6901
234
1787
5399
1372
1467
3302
8679
1866
8055
5291
1097
804
3797
662
3141
6327
1406
602
8236
3369
9380
2335
9693
5490
974
6814
1334
8606
5845
21
7502
9164
846
4197
3146
7740
5702
9583
854
8472
7194
3937
702
3034
8647
4095
5060
4824
5141
8226
2457
4870
2071
7704
7302
7132
2428
9571
6198
9319
6067
9233
3478
7528
3853
264
4988
7493
8052
891
7109
4734
2698
8746
780
5467
8710
1532
8955
5213
3981
5834
6677
8247
9678
6832
7201
6704
2371
8405
4424
5060
3457
7174
7485
4894
7539
6693
1373
6748
7834
6504
3023
9091
5246
7862
7086
5743
1893
440
5360
1339
9980
8944
9763
6092
1460
4845
2832
141
5659
2338
3640
2497
3610
7968
8168
2213
2880
110
5936
4075
9843
5727
4839
6122
6825
935
6764
1783
8679
4858
6244
5251
3036
7301
3092
8772
737
4663
5562
6478
5412
9851
6146
7306
9279
6267
7338
9000
3670
4606
429
7312
8449
5536
5200
935
3713
5612
937
1469
4925
8065
9935
9514
8007
7771
5383
7238
9536
639
6640
6579
3126
8833
2054
8942
5853
8175
2007
9978
9881
4427
8187
8289
9857
9941
6276
8543
7764
5366
4594
360
4686
3545
916
5407
5328
5414
1775
3466
5434
7189
4922
264
2652
1641
714
9015
6121
5791
4971
8115
1085
507
9573
7108
7970
8030
1944
6734
9535
9654
8437
6805
1487
9807
7647
4470
2678
4226
8779
7689
745
1929
9841
9717
6636
9725
8921
3663
308
8264
7746
6209
9803
2387
1516
1174
7152
9528
4851
9001
6148
9207
6728
2579
8887
6794
8319
8228
3188
2769
3995
4793
5944
1395
1665
3082
747
4658
4502
8629
8815
5573
5067
8282
8867
79
7253
485
3920
3598
8091
315
6183
1511
6225
6602
6925
3995
327
117
4081
8961
5240
3445
7
7464
1300
1273
1512
216
78
2276
7825
7814
5539
278
5393
9646
439
4007
6162
981
1238
3090
3371
3691
114
3040
667
7738
8916
1403
2722
5201
1271
6033
1551
3721
4470
4748
4598
5426
4001
1040
9383
9479
7919
2469
3453
2920
8039
9898
6089
6347
769
8790
8946
907
3516
3887
1207
7784
8068
1854
4746
5187
3958
6405
5743
9208
4943
7908
4923
5778
9182
7631
1813
3434
7589
2808
847
7507
7486
8595
2752
8663
8882
9837
7882
9228
5022
7697
9904
4367
4712
6916
4800
6000
1792
7147
7486
8717
2003
7388
1895
1073
5415
4344
1697
6083
9666
607
6065
7391
6656
883
5875
6196
5947
1595
8075
3028
9542
3059
4588
232
7693
285
6317
7452
9017
611
4269
1488
756
2030
2569
47
4027
7197
5428
6528
1681
7099
4187
6619
5708
9211
3307
2832
8173
4659
242
5699
2116
1246
9352
1087
114
7288
9085
9873
2051
8987
2762
9205
3783
2940
2326
1651
8050
7603
1197
7947
8969
3679
37
9512
4917
5259
8915
2196
192
388
5469
7296
1137
3104
7977
8790
8032
2518
5107
2313
1905
9499
2689
3822
8416
9420
7141
679
3973
5625
918
165
6717
5121
8131
2846
7258
738
1547
1060
5391
6735
4854
5016
18
195
1453
8126
4574
1820
1477
6151
6304
558
4184
3658
3954
9017
6165
6387
2781
1262
9431
3815
7627
2118
9010
3011
812
5347
8870
3841
4433
2262
2623
4493
5735
4460
9742
5684
7881
4991
3461
2293
6164
8980
3809
327
2227
3839
5761
2557
3104
8717
5169
4562
5612
9701
9176
472
9571
4657
3687
5373
1551
4501
4885
8135
5544
8479
2358
9297
1673
7135
6616
1736
8963
9814
772
292
2153
2117
194
5736
9862
9588
9474
3714
4982
5462
3250
6815
267
4266
9540
3131
4325
8013
732
3258
6041
5012
1383
216
6740
8069
3029
6185
4087
2923
4340
8491
4996
5666
8950
4791
3861
8778
8794
2572
460
1021
491
8311
6605
4400
1079
8484
8206
8967
854
6360
2155
5602
396
264
8972
9756
3690
1273
8610
6230
7904
7868
9931
3475
1481
6365
3602
7431
5138
6587
9538
2016
6701
7517
1409
2041
3838
58
4524
9896
7630
1519
3674
2280
7885
4514
5796
7858
7774
8196
9724
1292
3228
3894
5499
3211
2246
5950
825
8208
3581
7943
4778
9316
7708
4818
1986
1598
1446
8145
3998
1112
9834
5045
7911
3505
1609
478
3180
9683
5264
9335
2290
2992
2359
541
4919
6581
7226
3722
1314
127
6903
6921
1601
9269
8992
157
7213
6407
7048
4536
7528
7870
429
1470
1169
8525
2134
4828
8029
9403
6612
9891
7343
7654
6692
2150
8817
9833
4538
175
3725
6747
437
1190
9572
2635
936
2677
7459
672
5320
2747
3502
6089
6461
4402
9373
9269
240
4865
3923
436
6122
2113
158
6403
902
1183
8007
6074
4107
5492
770
2526
1894
2244
9575
3309
7060
9282
5597
9432
5417
6958
106
2044
2697
1381
7014
9773
3111
1826
4647
7621
3132
1874
2038
6187
4789
3880
9369
9943
1710
761
2228
5061
133
1271
2169
3715
9027
744
8947
6595
9056
7062
1750
3780
868
9791
2842
6169
6048
2982
690
868
8684
1376
2935
231
4562
2573
3077
6520
1675
6068
1945
2202
3093
2925
2863
8215
4618
7974
4847
846
8154
3798
1755
2712
9512
5261
7659
3327
7268
891
3536
1005
2154
5349
3754
8422
878
2099
1763
6626
293
5391
6674
5170
1372
1075
3401
9512
7288
6996
1966
4051
376
763
3839
4145
947
5050
2689
416
4797
4492
4697
264
1211
7045
358
1566
4811
3252
4065
3838
7639
3301
1171
3535
5523
8277
2339
3201
1750
9021
2323
3391
9555
435
8983
7105
9711
4161
2043
2988
6599
8354
2659
3061
595
2919
9165
2020
2860
726
644
168
8321
1620
9316
6299
4065
8348
4177
8972
8584
1107
1219
507
493
1372
7554
1571
1441
8861
325
3478
1894
224
4825
8762
1070
6725
5462
8963
9744
8958
3542
1549
4563
3727
1620
5099
4323
151
7540
9097
6787
8513
8106
3506
1898
9676
2246
7281
5484
770
5871
2902
5711
9642
6362
7533
9844
4576
387
7390
5442
1724
4984
3153
5185
7032
3418
4290
8794
7755
9371
1788
1171
6505
4756
4603
6755
9997
2219
475
369
2900
2523
1238
3636
688
3030
6385
7880
5492
7217
9446
4817
8867
1427
4610
8184
2859
7961
9573
3584
7143
6398
8149
847
3845
8652
4647
5407
9646
2884
9525
7925
5023
4132
4305
6227
965
6865
5662
3345
8747
5450
7101
6180
8296
2481
4437
7558
3721
9673
4425
213
4591
467
1368
2842
292
7112
7469
3248
7704
9920
2819
9643
4521
5452
356
6807
2068
8122
158
1333
2514
627
1962
7498
9049
6228
3375
5883
3586
9761
5299
7848
3123
4191
6706
8302
4901
8278
623
7355
151
443
8571
1561
4274
1196
7456
3727
6810
5891
1288
986
1204
5883
2120
8624
2779
7006
8420
5447
1866
2775
4127
2711
4695
6410
5241
7241
8719
1182
2251
9126
3021
6641
1436
7826
6301
6674
9196
4353
1322
7890
9347
9267
7038
380
4380
8267
3145
3504
5158
7408
131
7403
1002
4864
3221
2771
6274
5507
2324
6233
315
1657
5252
8217
2703
8379
7882
6987
8395
9998
7975
4632
5694
6180
1679
3894
4512
8119
599
3895
3693
5711
155
1135
6666
1285
3097
6506
4222
9023
9516
4649
7312
7831
3241
3364
9816
2132
2660
1326
1543
2438
1033
853
2840
8793
1348
7656
4931
9065
1768
3806
7307
4225
2144
5231
7733
7973
5763
9142
3184
6710
7671
5277
2153
1244
5459
1709
1263
2112
1694
3934
4541
5420
9063
2341
4742
137
8587
1595
1657
5444
445
6127
7510
6727
2912
7616
6644
1507
132
3174
2695
7884
3186
7183
3749
1119
9282
9217
760
3463
5081
8294
9289
4224
3752
8005
1456
312
4593
4795
3379
3657
2166
3421
413
3036
3602
9372
8656
3679
7249
2525
7860
3534
6762
9007
2883
4249
8397
8982
9118
6813
6803
8458
60
3751
6498
4536
1188
702
1731
3629
2232
346
2406
1394
894
5322
8491
4329
4465
8368
1230
7747
5871
813
6463
6995
3776
4349
5586
2462
7166
2598
1657
5514
1092
5420
1785
2541
6982
8884
8782
2476
815
1018
1930
4095
1633
5756
7150
3666
7820
2762
6319
5474
1452
7854
588
4989
8872
5757
2526
2542
6837
893
8715
4999
5891
9317
3257
1958
6620
1954
6125
7281
4745
3907
3332
5994
3226
7383
9696
7530
2956
4225
8470
705
4769
3587
5654
8913
2168
3428
5235
3509
9424
6742
4335
5003
6711
3746
4318
3884
8286
5227
3633
7173
9560
8224
2459
7559
53
3792
8324
2294
7154
8738
7208
6259
1436
2795
1308
6764
6662
8281
8055
3482
5399
9617
1055
3588
6259
6866
4717
1437
609
5064
6609
1942
6677
5491
407
6456
4064
9736
5087
9637
3482
2703
9737
5064
8525
8091
9195
7275
4266
7821
2638
7168
3042
6340
2126
8915
9329
7896
7590
9557
3885
236
7747
998
8276
8537
5189
5517
16
1692
8747
4190
3101
5937
161
9854
4319
7512
266
6358
8822
6807
9017
8300
2191
6865
1803
4005
7682
1537
5040
6883
7715
4734
5214
1743
5539
8036
694
3442
4951
5184
1040
3881
8011
5884
1294
2685
8620
4958
6688
6532
196
9135
4086
3014
588
9739
5824
6355
9641
7647
1128
8837
9959
5982
1062
7757
3272
7953
8607
8849
9640
9145
1113
9977
9434
993
4014
2598
3521
2867
174
3746
9059
2438
9758
9380
1807
5477
1699
1696
7254
5297
5935
6726
9805
2329
1212
6421
6505
6382
2940
964
3126
6404
6097
9344
4982
6186
7054
3363
8273
8596
9320
3129
2379
2995
3985
4715
6663
7086
2356
9173
6146
4717
7030
6012
4448
2521
6525
3810
2205
7457
2208
1650
6436
3362
7445
5489
9197
4978
9135
6594
9165
515
5159
630
860
7432
9285
1426
7982
4705
6047
1048
4828
2110
5184
3135
6972
5606
7475
6740
2959
4590
532
3696
9790
3649
4292
7023
94
7728
1289
879
4394
6921
9010
5601
8861
4842
1108
404
8454
7395
1773
8146
4301
84
766
9986
2651
4704
5843
2858
7802
5288
2989
7146
2270
1714
6869
7062
7784
5909
3421
713
2041
2506
1688
1173
699
2656
7123
7760
5409
2590
9059
9794
528
9550
5033
6679
6951
5018
9009
9902
3243
8197
7602
4299
3190
7125
2408
1436
275
6310
4485
6140
4444
316
1746
4430
3351
8011
3181
7960
7030
8013
5402
2320
9221
6870
5010
4000
3732
8612
6471
1995
1817
3233
4988
2490
252
1829
9691
244
3479
4924
7523
2831
4147
2519
8727
1346
2506
5016
3486
7271
2053
1257
6431
9365
9086
5368
4643
1238
2367
5843
9185
8646
9937
8749
2500
7446
2823
2290
6471
9977
9417
4193
8574
9436
3200
1354
2429
8980
2604
5987
9717
6892
1183
4223
58
6458
7996
5516
2597
8008
4802
6213
5203
1559
2663
8255
1600
1515
6033
2964
230
785
4338
8411
9567
8301
7468
4834
6651
164
9856
3143
833
9445
4128
4612
9552
9935
8630
9741
5562
9801
5714
9044
8134
3372
3443
4414
4909
2709
5314
7798
2046
2257
575
5780
6341
3707
6573
7313
8212
7976
6080
1240
3696
4637
1142
988
1621
1011
360
9699
3645
3222
8050
6985
4036
5484
1791
6015
547
4965
8860
4212
7487
6514
3667
5330
9379
51
1990
2534
6898
1565
8547
4324
5172
4729
3985
2496
9095
9127
4882
3863
6330
7234
4835
1373
6465
1610
1012
6658
6015
5291
9127
6748
3512
8048
4470
9610
2853
466
5466
9129
7519
7715
8893
9126
5402
6538
6075
2796
4077
4882
8355
5049
9902
6505
25
6879
8557
2298
3211
3119
8103
3893
1492
6877
2021
2123
5382
6043
5603
2983
4849
385
7578
5400
7898
6629
8889
1462
7243
1798
2397
8827
2351
3708
9100
7967
689
7501
9978
4959
578
1371
5639
441
4358
70
939
5879
7901
3279
6387
5347
5667
747
7935
6215
4389
5840
6893
8358
3882
232
8407
5024
7636
4813
7701
7573
3569
1210
7355
1037
5567
5457
3945
3053
7190
1038
2318
2307
9233
3942
9038
6621
6576
1533
2377
4242
6362
8136
5722
1425
8899
4919
5646
9210
9048
1027
3724
5852
8396
5308
5029
3119
6625
9087
2020
387
5300
3597
2155
9455
7570
7833
1636
4791
9928
7447
1060
3698
9747
1047
3943
7891
1733
5508
8329
969
7255
7688
6849
1371
5332
2221
8896
8443
905
2353
3838
9100
6862
9193
2803
7692
8824
993
275
9759
1900
4940
8060
6651
8524
4620
3076
4248
9573
3284
5063
4923
2864
5854
455
9200
4750
9278
2613
3479
988
7247
9321
9370
5681
6898
4809
3469
5447
549
4809
7664
9391
4051
9501
3326
7034
1151
7340
9254
6240
6252
2737
4427
2108
1339
932
9315
365
8054
8521
83
9265
8943
449
2220
1116
4591
2491
3671
890
621
4788
2093
31
8024
7048
7031
1985
923
3333
3081
2386
5551
4286
7582
9695
409
5931
7086
4458
1616
3093
2997
6300
1563
332
5409
2114
598
9574
7109
1587
9446
3164
8151
970
2622
6416
7508
8439
2437
4328
2346
9191
6863
9163
3823
9175
4271
4306
412
9876
9685
9628
819
3549
970
716
4704
8528
954
4390
8734
2043
8448
5393
7857
9392
3972
365
413
427
2076
6925
7102
6284
625
3390
6396
465
2232
7778
2489
3095
829
8765
962
2751
8651
7262
386
6165
3948
5507
5944
6954
7585
2770
2562
4099
7498
1877
7116
9595
5730
789
4732
7715
4701
4957
1733
5030
4542
2907
5658
522
2169
673
8724
7004
8170
5015
6122
5310
5619
5795
8495
1984
5691
7850
1253
3479
5642
1092
7867
6447
356
7317
3267
1780
5860
6023
409
1901
8340
1355
1638
9540
9930
3147
6181
7995
5506
9636
5096
8189
1385
7044
1391
2333
6452
4750
1714
393
5908
6452
953
134
9153
9261
726
2427
4103
2635
7905
3348
6700
6682
2837
3
9922
524
3908
7332
1213
9970
6716
8503
3313
7696
862
8214
9003
7102
5913
8113
8709
1379
6872
6656
1851
7873
966
8457
3495
2479
6331
5582
3309
3969
3732
460
220
3161
3164
4661
870
9771
2002
2308
4405
6579
6506
2657
7704
3294
2050
1790
6804
6440
5352
934
769
1006
4790
5688
7509
433
3919
3804
9232
7239
6231
4713
5069
9009
398
1025
1047
3313
8638
7167
4605
4309
4991
1278
3495
4793
8424
5659
1885
9689
7485
5262
2758
1526
485
6279
245
4167
7122
9229
9876
2131
1807
1853
7577
9682
4118
2416
2542
9143
5598
4550
3185
3737
5092
6551
120
3293
675
3370
8940
994
7820
1253
9179
9715
2141
3805
5180
5383
6067
9709
4029
8886
9770
3564
8291
2022
9273
2388
265
8979
8461
4181
8420
7296
5580
3652
8275
3218
6278
9622
6395
5782
8014
7657
3544
6121
1080
4991
4497
2893
2977
2703
3478
3372
1059
2138
9158
6191
1462
6359
4327
7546
2633
3015
2765
6686
7729
2573
3990
761
9384
999
2497
7733
438
4967
9336
2563
8222
9089
8591
2589
3694
9824
2563
9818
3461
6512
206
8767
2703
2831
1819
9435
1964
6673
6571
2633
8147
5109
105
439
2027
9879
894
7205
696
7922
2591
9534
7031
6822
1981
521
4469
6393
6398
6403
8574
3071
204
577
6912
1620
9424
4395
1077
5004
5297
3562
3924
6211
9590
1098
1986
8823
192
4429
9956
6817
1493
8224
5258
5973
1423
8309
2334
293
1058
3294
7413
5607
7406
4343
8339
138
2790
8872
4363
6560
7276
534
2056
1359
1718
2088
9707
1827
8518
1485
7992
8742
6800
3748
8380
6524
4226
9895
9110
9867
2308
5965
5583
4856
9957
2019
71
5420
8632
6993
1486
7694
8130
4285
4979
309
1070
5084
4518
2238
9409
8278
6385
1049
809
8934
1097
7130
9533
9234
1658
5570
9835
3999
1562
4406
2452
7367
2598
6610
6896
8820
5604
4133
3111
1935
1499
9280
8896
1536
1285
2503
3206
5789
6376
432
2588
8570
394
9000
5120
2734
7018
6088
8136
6673
3002
4283
2543
2414
3459
8761
4376
8292
3692
324
7958
4777
6385
9272
233
7016
3087
2716
6360
8108
5118
3230
1374
406
4119
3508
7147
6829
3809
2389
4168
7842
6532
7749
7378
7870
3786
7720
2066
7429
3880
6451
5545
8413
1172
3421
2973
4492
2566
1127
7386
3295
5160
7049
9781
660
3167
3660
5824
2571
3938
7145
1265
3300
3688
1218
4897
5028
8575
7098
8910
4149
6399
1453
9277
8137
3874
8869
8281
7028
2948
3058
5288
857
5137
799
109
1738
8025
7410
5550
2185
9706
9160
6162
5913
9059
9782
387
368
1458
7205
5226
5204
6623
3836
4282
964
3590
9067
6249
1569
1794
3069
9298
4494
6976
6315
6787
6473
2988
2802
315
9613
4250
8481
5700
7785
5209
8523
8283
9848
425
628
3792
2478
9306
5454
6768
1773
2120
1072
8327
3408
5448
3872
1237
8707
2788
8661
4716
3942
7003
4941
7510
8969
9654
704
1945
6164
3481
3740
3289
1753
8662
5720
7586
6813
6303
2193
1286
5471
1473
5324
4759
1998
5568
3051
1324
6978
9156
7366
3985
1932
2824
5201
3590
2803
8035
819
413
1928
8035
4879
4708
7424
8763
9522
4664
4304
3597
2938
6035
7183
7891
9914
9669
5801
8255
2357
7622
6727
3022
1146
7959
6051
6083
3638
2438
9541
2180
5367
9619
1181
3106
3502
4520
7916
1792
5811
9817
5437
4330
6717
2
8079
5944
2375
8625
9110
5907
503
4266
2441
2304
8647
1929
682
9129
1092
258
5933
1691
6790
4750
6539
6535
8874
5515
8903
4655
2826
219
3545
7227
6354
793
5571
1411
9517
9039
3355
4447
8538
5069
5559
385
9750
3084
2004
354
357
410
5371
