10000
141872
288956
517411
356828
538637
824435
208964
738454
931208
72939
419996
990263
137818
236202
130981
665336
847015
936110
580445
664103
713390
713966
260585
598021
498252
715476
945334
70064
906427
707462
635138
171222
846180
890302
58932
208711
448597
74747
89010
456236
310927
81573
571279
828801
746703
269671
360952
408152
333460
378592
406586
601092
996790
926393
943802
709921
227936
355985
788854
373018
730653
312903
957676
508397
491878
934284
320726
944560
414715
419023
558222
801797
672356
669368
19976
964493
869053
949970
991266
358185
199692
806210
928926
722257
115281
426035
141645
258321
331163
963732
524802
39503
640244
16423
999937
692577
109567
943245
464544
136979
765127
733355
468155
710100
146630
782533
190125
929809
943492
906111
328572
294151
826938
70508
908451
898247
300959
411491
55185
240845
73580
66458
767069
172216
59587
800836
88441
233945
825066
788597
282467
927986
115532
609317
614276
211620
176808
498832
237173
320998
716576
271238
473018
799852
80185
257762
746170
155848
548139
314428
586396
766973
513902
445870
137887
403580
28331
761115
418749
901049
399666
100600
523497
740404
76173
786269
598694
13983
517665
702221
222962
80077
200706
253015
946295
816818
150862
979167
166297
452100
552835
776869
405673
9955
693235
766903
386409
156495
546436
618371
401084
256472
989242
291382
180676
887427
785489
761884
638165
758450
412292
702767
524329
774633
896187
473323
554536
717320
971935
538448
864773
181677
817129
432601
613953
72200
441878
985155
461451
496295
462501
606678
483340
885448
229875
646631
323615
117726
56463
601495
794099
105382
114344
541873
633187
267864
255093
866508
451450
806493
515228
403590
714910
346685
18258
331458
576656
164556
2501
755174
169938
946623
806998
628660
871608
872664
616554
653566
843633
484165
734216
174954
104163
922797
733411
97368
545679
290190
353698
662810
336723
499320
421973
167865
927359
673865
673615
121926
226168
138336
384453
197536
647450
773126
362513
828483
843868
27423
933162
772402
718012
493220
897144
316737
519229
231123
98269
877282
303111
768301
847014
818834
307064
368110
12587
256559
612025
239023
87877
275226
706597
318091
503892
602320
567548
259461
601296
985811
374188
877394
78186
234227
340800
534329
133452
623447
642667
248387
851614
618994
91430
771684
281591
285164
243784
65845
371852
533860
630951
165643
460737
547837
51162
143108
134773
957823
288721
644492
635911
833025
519837
77466
214775
122926
373988
311357
27706
151647
843342
870557
406992
661036
956066
518059
466505
124240
288935
570487
958744
534181
571189
510594
218711
593638
65321
828387
315756
157844
304208
788480
641969
720221
513260
140088
990012
25418
309045
5178
914918
755217
599215
23825
230581
850565
557046
942877
68213
317835
894023
919127
70797
322685
90493
659915
833191
218587
923103
322112
949190
869266
926682
562777
475408
619843
962130
135936
31475
333311
45812
77906
994316
178883
297756
824717
23346
656036
393153
717983
979
331938
593466
677531
847465
630276
268472
922714
553437
218102
154207
540395
704206
320759
520473
184788
375145
202635
236514
255845
987076
338004
43082
954574
425664
780243
992631
343336
7006
470346
73996
722651
2290
198635
689401
191239
666588
924100
749958
953316
531714
309384
948503
944331
52926
712341
210486
918119
93941
289269
214291
613299
193424
286334
963279
359591
990525
437492
512446
297829
308507
13197
908074
437165
705190
904947
360636
865929
104164
133704
457934
44469
529916
505289
821672
927892
816049
390012
991825
988955
445780
628982
380760
598541
500191
886639
770392
509869
859491
570887
772556
131459
708259
573960
718082
819304
812499
844125
949643
509340
59759
52762
996042
247912
40538
300288
848957
306287
543438
931714
875945
934199
527556
491211
533852
125923
184476
788496
715652
839333
660136
539023
887986
607378
827788
601095
203743
571056
562712
666750
603740
355856
534745
930745
208373
858902
760425
866156
499912
970634
555883
655324
346777
720173
768130
383943
836587
368432
490999
630780
880334
781095
528418
383760
236402
44345
951394
430185
764834
984653
572977
381265
29850
971197
585204
68098
44238
300542
253742
393217
991392
722827
945270
134220
232463
801074
68974
840041
85055
590723
802232
964132
763616
75499
858547
389396
404734
350858
55156
560766
742665
989561
339001
404029
631865
443296
244256
937990
248198
914496
770090
55287
593450
869923
32809
639481
386712
756767
972449
690731
813516
385318
981774
947019
145612
875895
7886
422153
928564
316363
39540
694827
824509
631238
157660
478297
655598
133835
620468
468915
213745
343644
424437
888651
717674
356330
1923
602105
278495
633288
374097
469379
435525
22599
927021
637612
429218
704683
272042
129705
402899
417319
136694
726082
233859
358619
988678
119963
100906
194850
426631
437483
1182
112826
600905
838072
569585
581295
594844
734980
146669
275675
261321
959390
927062
136142
71198
348835
875928
939494
235637
856565
85802
6568
852132
37612
188213
112699
509610
4305
4514
930097
515401
453694
419908
164640
647521
698878
645803
393216
421916
421685
2758
288068
849766
331210
940577
701166
48323
64987
379416
316732
230440
123539
82602
752128
629038
110722
441335
138611
680191
815053
278722
694194
891117
612880
952109
921107
590469
280069
127300
295183
267998
743554
266497
354727
19185
222446
471525
890418
371294
764919
279375
970760
74185
925655
801881
871579
443445
487094
973910
642472
623412
256229
126600
757804
991809
257875
60277
766817
592599
940958
700161
873149
554907
540621
414468
325573
602951
5111
489362
971561
405183
86790
595246
356032
311114
81378
539628
396934
82622
455325
498429
764248
314600
562337
418419
909462
903335
933782
733844
165371
17556
275500
488699
647338
618096
99818
41876
726398
619477
663418
721184
456116
871397
88474
432479
882953
126837
861775
243556
90929
932817
4106
321626
73817
894219
614165
932935
496808
204159
703146
367120
729436
365823
235838
475031
715873
183557
685818
914500
268497
16361
701380
167752
358624
275615
723133
703559
212795
250009
691734
985658
650907
905637
629235
332407
140509
245365
272936
794101
609815
817711
733439
529020
13601
935535
62641
681562
506490
449804
560475
733150
986096
183844
186888
94958
179310
699490
690450
834960
456326
296791
592074
858899
570335
915327
893249
648826
153912
477102
935464
566835
33339
288902
752238
587356
930927
144445
177916
388243
671679
40197
187930
518988
183225
509780
219945
226259
430018
946552
700097
206129
65402
369702
90721
156709
734993
30383
935112
720981
139270
96506
137218
952885
418539
982983
579941
41340
106439
820077
626796
622141
236081
488234
564509
894932
332769
139100
681561
279508
48606
718582
762342
362381
362829
701530
259371
655595
729364
539880
262708
832480
154199
45009
939068
534587
818967
87642
774120
353700
624908
886846
43775
959471
204068
778924
213879
39255
26802
246720
976393
471971
722560
304742
906152
731669
15364
696921
238748
326864
12103
627541
944444
536699
136800
425568
910763
987687
708844
173641
753423
954087
182019
317343
197031
469810
260153
206864
806616
427123
764052
128250
556418
623302
598569
277043
950703
523660
61894
252693
591226
282498
567678
953785
632476
531030
253393
733699
889214
71107
533622
812232
129334
665733
220204
145182
967892
938841
679387
554588
437421
267241
334091
950438
860386
285651
924237
647251
734948
20267
888119
274835
443542
614981
767133
787797
574889
926859
345443
462051
605704
722657
613289
590430
882715
4052
477622
876420
669929
598354
467135
408657
476129
739571
928389
529284
346823
272860
725787
45397
571026
805957
709370
386869
350868
307929
464587
140448
47748
313002
59691
618985
868264
217230
69977
989704
624287
225009
591770
470541
522471
617895
67143
803653
440887
178337
214060
440134
318509
28942
646591
336814
755878
512931
185645
45662
850480
206160
366078
311580
855826
586309
510550
793288
753786
908368
22196
304926
128679
223777
392688
711649
253876
260988
840182
10302
925439
297940
935586
373824
13633
239042
992154
459656
399576
754098
233531
829064
914881
572182
341532
640387
120928
803020
944594
442024
310726
24682
425873
918742
41903
802834
726301
723817
272228
942933
188585
866870
40566
274128
418161
611922
127452
195877
315006
534747
948735
286850
283734
756181
865105
603761
939815
430981
325840
107820
976726
152059
79067
523020
532003
280811
926861
258029
501615
171737
711344
249149
553962
798038
242200
458464
724553
938005
500121
904746
156854
874879
995407
320952
401322
331137
564694
236416
603681
223985
887201
102146
750848
522466
524127
889051
941014
415746
474639
152624
852930
81014
117187
916710
360196
773509
915718
733908
419714
758763
819905
484682
549584
985199
397174
356584
219659
370531
664238
644381
734441
440055
331822
790562
681982
981186
802521
957864
244817
862133
209011
371136
603495
643138
957376
585915
48534
8783
411888
970141
608419
454636
173136
132748
577999
862196
968935
926091
520789
329258
193172
101254
914456
673583
642182
861797
989719
241204
980499
638990
71490
756387
938235
465029
297476
387788
785148
528182
647793
25605
85784
602248
54012
746926
34978
299959
625036
575490
614104
933717
644778
906995
633762
56861
802694
422241
737712
299622
50158
378478
242653
127181
149291
580447
115188
949180
773084
442430
402365
535484
682597
214859
988368
940529
505728
874522
237976
303576
917202
85911
811939
865121
638366
731527
675821
725625
352506
480378
352520
484459
564205
943752
195563
894221
285562
222814
745037
450751
734404
464121
388614
324655
754677
215114
276065
966784
649025
405876
930948
746894
745555
256887
79971
625426
900548
311741
858963
392034
54932
104562
185434
807739
140258
632907
78555
818648
606787
800382
230550
422113
42467
154883
671802
845412
106735
935653
516407
292120
815455
692268
365273
787169
177412
121654
116956
330154
275213
531761
92313
745367
425390
414517
57649
460913
994722
654533
563527
230204
217273
872619
956166
736721
682768
873279
765443
263943
868248
738200
457257
354413
243453
390106
878727
994772
961378
568911
653365
624173
912183
852077
588588
443067
168057
520589
731538
819068
337879
4603
141747
894052
672068
617526
305097
799856
575427
640470
786249
877366
939562
491819
985961
887581
434069
423512
13008
37575
647879
26493
77378
826779
768679
563188
665853
58657
841976
585804
409301
462813
227543
521451
448281
329645
482510
21591
955842
788224
930758
977015
87097
271246
819105
603625
317146
759403
95799
891291
866973
294090
28540
544842
101679
906272
184943
153003
606048
192608
635257
563157
210772
978353
597415
516719
508782
440799
878820
278844
439149
460010
692151
681569
793717
972769
919204
438836
347564
735967
687368
544355
924483
842825
915722
170223
214837
168266
851333
331880
780342
962251
629995
727579
88525
625237
581896
9754
276010
276061
804201
456219
828086
496309
274184
152862
163244
220212
876347
12615
611027
980637
987653
206266
788059
520286
670600
266562
447261
499177
715192
785956
956794
398070
786433
884365
734048
812832
156380
411907
300717
88382
294889
377788
795447
884948
636105
628528
271911
681908
584949
679025
917428
144226
280956
981749
592389
535415
831675
763927
358179
895892
747742
664446
834527
589233
31832
308731
252340
908076
816213
153250
71342
748978
872061
745993
926783
69366
489848
944323
78415
203598
859621
303793
845409
680270
127118
815118
144684
3005
165316
734015
719832
831858
100329
937291
133794
562936
585627
597967
275914
249689
749207
332154
946175
78049
459623
910915
8537
483438
748419
199178
645974
843368
681030
786978
942011
118899
293157
204728
844130
126409
449552
941447
526025
440240
348857
262875
427473
874801
521584
44858
111434
880365
39193
482726
40551
144908
295201
46284
68794
423815
398426
412584
583972
872636
903883
430427
584758
906690
964874
634537
362113
41415
413011
353471
54606
564058
311168
107293
683634
162490
740945
942338
806576
672585
347854
547981
725139
767119
315704
604025
424919
984697
234769
247802
804371
807632
779335
36347
897122
396366
167044
477752
84124
673225
958084
71677
186470
198485
821573
744449
858669
919787
772949
618049
290359
466258
724726
944597
965657
136355
606049
918627
490732
403445
642354
265923
410362
550382
793214
814623
980014
986096
391470
70876
331974
19693
224595
994840
375983
238159
904497
49595
670588
912342
571940
57085
144817
145260
434543
39911
272419
342473
246987
343596
923302
605181
375797
325479
361950
880328
270190
954675
158485
791098
629132
3268
57218
514251
767945
684850
989956
72632
934929
75322
783325
208763
581288
466639
328873
850629
575911
69027
609548
395067
246877
42879
818180
946205
983614
110924
182346
362453
511448
23441
116884
998410
538107
615292
788950
695073
946395
373929
884518
201302
674194
305250
96994
102303
75859
564155
260473
741140
528242
952812
950988
722595
69283
855029
179792
311607
252448
464323
472543
208298
663509
12650
321617
307752
706443
244999
982854
208355
409663
213102
712215
291137
737492
504429
505968
694965
848902
476575
163409
749733
674389
360520
358120
177328
632666
736006
815969
277267
920932
667120
346664
672638
503900
431853
709302
761710
739027
678417
4251
182289
376732
991865
513351
43120
977412
799112
473318
529497
846332
539940
683814
679584
599445
516679
336820
100614
787473
634434
217180
938556
838495
918045
965267
353871
20280
609333
732484
424967
722790
13690
276944
161723
427285
687349
373861
939505
643143
23341
470791
271954
584702
691449
632676
676355
262503
496586
413394
418651
802233
904655
867510
233125
920975
12700
912552
136050
465029
175319
411692
169477
675344
999772
912136
507077
133646
790431
111546
608585
370432
923442
119397
995059
103583
882252
47196
513446
710285
614608
802087
567753
872524
454284
766384
538857
993454
959334
979036
144901
436061
367062
990973
427109
78807
991393
987514
531330
547254
335811
157049
24448
518089
323079
869884
663943
851306
3869
789920
55286
811670
295574
577707
50251
706235
689474
256506
390216
185241
654972
39206
949004
492043
577841
362738
571510
265328
799198
924652
533793
236063
794262
516638
417106
857253
901510
804458
489557
440530
499930
683528
515499
245733
701451
852448
435312
126728
181570
804721
540602
361746
548329
462662
190085
726018
188763
272910
367924
506040
438126
156149
503233
373199
495021
329583
769578
468529
555462
870261
952136
738428
954973
647692
625014
974995
356731
511281
926654
125870
116187
705229
273246
824426
26253
275942
191771
887821
6166
526051
673141
379981
148098
94204
390016
221353
955273
381807
603281
661988
724894
120452
122745
118442
441538
718893
664999
688108
265786
725519
857414
373002
469182
87801
900799
378751
830638
407389
9716
361018
939572
72706
394645
849111
894253
312583
593766
624767
100215
210759
728752
808525
679308
364144
641018
317611
321051
353566
545568
596694
831309
250967
428399
475803
931148
86634
648759
604546
404649
113618
768082
98262
494578
218686
895373
246817
922001
827786
551474
154757
830905
24520
527224
297234
867761
977889
710980
885134
154928
908051
899706
590473
699389
638670
818285
887074
566424
558892
525709
242060
156490
671389
120611
686926
952488
301474
191233
8557
165722
50275
865512
968966
676066
192591
153852
185206
652170
137031
861188
607981
98772
747054
521620
543433
52864
740892
440958
919598
218503
566148
712694
85261
409944
459701
11200
937962
766178
817737
746043
74696
207853
294240
230609
532809
180507
841407
560139
537457
669125
22859
921107
726583
527
18782
672755
730226
30163
476990
732103
999422
853078
731141
208227
866217
785246
111799
489118
618164
895707
109405
714769
75787
670272
327645
107230
988037
842344
778984
100491
451641
771036
635384
645518
657762
775941
109899
238096
857929
372805
186257
606754
267638
207332
130189
327130
580125
916749
148142
450843
300299
535413
816915
814018
233713
519893
692809
275775
264362
906887
628157
764596
237193
622938
277039
184935
384342
783270
174671
662774
834443
562192
304394
9639
326466
680468
238982
29579
858233
324478
371041
595282
807822
608176
97515
4639
105477
314538
187821
990871
88387
73117
203739
666887
613958
604126
176256
105706
189884
532103
114503
405690
525841
813605
604756
667910
71776
809089
271994
143397
967147
586431
257126
519746
280477
449631
553919
85666
52616
979674
33977
809981
617685
595893
236928
581742
518560
648843
330815
301925
580523
823065
425176
351531
744491
652361
507554
202140
418308
181971
480289
660518
473566
738100
961802
591988
424312
603121
925885
854466
289942
369018
894927
416464
726280
539939
47662
179300
869168
653856
606831
723710
49448
689513
744666
974705
621731
710993
360599
468082
405363
646516
174965
893501
796585
844716
895402
335859
29785
858052
674503
166327
985552
444583
364345
44866
263809
349821
917011
630719
682323
972647
114329
488080
762491
329406
245734
97865
293169
458544
572460
101535
165897
771039
614003
232127
552215
961404
180142
727438
382560
821746
876092
420316
741296
795646
687744
663622
994503
607745
418539
580579
457287
25316
681137
410402
782754
410016
573930
580427
318496
609698
391526
289702
941389
412987
349313
716368
333042
328392
230444
221051
765011
387385
459992
388152
327641
938031
439337
847345
202853
313856
887023
405639
938732
776157
24012
544866
399927
399748
857639
467285
291237
528353
427208
49267
335125
953856
596626
46635
618886
579296
205729
430077
54077
554012
879360
230154
593736
393709
75443
576981
992230
890037
591159
450646
781015
303365
521975
121
734085
526344
129132
400782
612701
882745
953595
245903
880056
950608
93991
98588
304954
711100
280275
735618
757108
718423
484703
355977
491969
594389
993889
667229
652184
736759
654793
837963
824443
79779
809404
212962
466203
581983
864697
267730
446107
604161
998927
309574
831945
160621
202755
334581
758003
595266
700324
498290
304788
913755
687484
439241
850151
349180
449197
890297
424831
432277
553222
222467
284139
69305
138420
172793
93311
264030
682244
728488
347149
366011
39431
142448
40058
689286
48111
427930
31911
508347
313086
11265
340608
347389
899791
746030
668355
280403
284115
948684
205521
342120
638738
334390
713720
282089
627596
255951
110276
584456
643063
902068
484908
487057
533662
968702
442975
338562
852947
711201
473458
120639
421518
378694
633374
579249
529536
164000
376282
859519
337617
262200
860095
94845
235740
699512
413894
687243
877992
847985
702187
843302
379026
29711
487882
217927
506878
960385
594923
467015
216975
957000
346726
655251
417289
917886
811553
277308
111439
694490
917998
161044
657355
321164
537499
244871
559834
121722
34362
951710
759594
751753
670372
168344
799800
597219
843781
360156
246158
395549
193462
690375
683440
438204
906661
202491
387427
467330
898734
783937
424826
564819
162453
838184
223614
799154
513766
772473
223901
859970
594359
63304
758436
357200
246139
314636
894317
974305
767667
633764
172327
924469
293211
296715
150624
148119
599364
364108
508908
336363
398744
663578
930286
163136
378393
857323
853433
709382
740867
557438
890412
347075
336076
573381
70124
352275
717335
651174
699264
604841
991931
951920
533746
318957
651997
386368
412190
428981
588165
283497
637992
88604
454058
706329
976155
92560
719010
920645
526751
920760
390004
269224
131642
262709
307962
429860
306602
631436
969822
248000
839277
85563
617831
398340
622609
917996
200349
930835
858360
760385
545090
670357
422769
230349
355019
713982
422220
16641
800815
527061
616255
676054
894507
243946
447125
407484
920825
110420
383089
383611
58540
696573
841936
296041
64109
998133
752908
223912
732015
312659
499316
716886
513668
280026
543853
33512
60017
295785
17469
710030
570833
939494
588434
753810
919361
69581
923667
437069
862371
851198
617150
530793
737876
458154
253860
607631
486809
855981
207823
546962
905687
821556
420361
342101
312352
383009
41157
63239
608378
156160
104845
183863
753108
185519
15834
567915
165725
760272
661643
109054
110066
39149
998188
219328
489511
121410
392939
568567
125710
931151
528147
322832
839190
804108
842699
509629
102131
913079
283545
481763
801329
128841
407819
164780
990307
628965
759019
526348
483837
968754
730181
693472
494911
212121
987062
836542
180884
569245
84012
817725
491269
421684
113171
263171
271983
652715
510685
105836
662383
497443
750241
867833
144982
127854
527319
992950
708827
59246
147250
771100
105897
724663
207545
823979
98988
744283
141843
267036
998842
497685
700783
985186
921023
885910
141833
27224
528760
348830
116504
487098
78428
786389
405933
316113
145373
869060
72666
197426
913886
380768
994154
304060
704182
859053
836873
881298
359087
623104
413618
819907
418577
972882
552869
295540
492119
393765
156293
866423
490633
105412
923659
369534
449097
209046
25412
544159
688684
925106
662326
315227
692860
548408
272457
908480
11993
648519
379145
863836
958310
396039
438886
476081
641079
887591
590977
930711
888164
46132
106395
944012
962048
300346
224237
857885
619312
876801
188266
510914
840102
236996
702842
693176
108836
54603
413834
771051
8627
468313
693015
81594
428011
433941
125042
146769
128219
529275
859733
114183
959758
650740
24061
475820
75836
529850
916668
717800
950771
522742
864795
99588
813082
621550
519819
866382
520255
616677
642643
51363
477909
821140
712870
559003
522437
605459
438952
339383
489331
733753
64994
949233
206668
601154
705979
303520
213120
388749
802221
895391
177125
236663
134156
131831
29482
637114
68940
967754
963022
661905
686736
36195
376860
914734
996437
160573
384685
843269
769346
131818
554025
55493
429991
27741
364720
306663
899454
874632
840101
803800
694990
221246
765845
851504
204138
688848
785999
793697
487674
344860
741190
874829
666314
45727
918808
864561
199018
539088
421786
307027
966898
194632
646825
233845
622287
880378
763245
376226
295555
54156
17017
33701
892293
769207
468442
1962
524996
644662
929634
731275
820767
854467
551161
21186
406928
114546
987780
676849
183869
839288
858706
525495
267251
223340
366915
151247
335504
823784
428929
557685
739902
631283
803184
934487
989490
698261
829977
978690
452954
155636
687036
225463
733433
730916
415501
978269
581975
481394
918082
316795
962077
925994
171942
176959
785732
474172
155840
447096
727728
41356
905524
575203
950701
962625
978057
319194
911006
166448
470367
671951
758486
66868
86320
475286
492615
198756
466150
382815
751284
885502
791592
89408
190988
911729
143963
428173
993386
826965
761290
98907
143251
214947
758888
401846
883382
523941
175231
693153
306557
797827
126118
540785
905140
863993
303371
792895
980868
288461
302323
731406
850112
224753
850060
842214
635302
627482
803998
610809
738405
765789
79218
684180
308336
645172
794517
606336
738311
116122
173895
221334
750591
157043
357864
145700
909824
374761
244443
514289
317984
751902
65537
507131
801505
556821
43917
222613
497090
708834
130474
656741
293807
898595
278746
372520
837493
449245
388663
165500
584579
390553
343301
654974
784378
418603
980149
845561
305668
247557
932678
980844
579683
188519
712201
307082
573568
338748
84928
344979
942672
454771
253069
391938
663048
339045
282521
539501
355122
706227
29464
492928
294290
1751
600849
217856
655308
582299
494548
488929
219908
384074
264622
80637
564743
650321
202362
987734
104413
774585
449632
453470
57726
834886
571623
797830
139149
881779
39261
429691
761280
438693
51382
463515
347903
793851
975789
611860
84566
737043
879092
671584
111517
841930
743241
633287
257929
307939
402889
415406
18428
564291
861607
81051
972969
385567
962354
316309
426631
971160
621550
262437
76785
517475
822200
943802
336795
635149
605388
780645
136673
338693
483657
246311
424991
451018
124979
592413
33106
474207
136215
187544
68185
857819
22616
303473
300187
855427
879460
948173
333007
145457
301582
323240
843476
603823
898181
655745
350006
901917
595950
318516
477838
457286
486031
820924
329318
576119
383510
841437
496581
741357
895760
794136
191709
392063
297194
303756
803279
808435
106700
991998
659981
509397
788947
751452
666503
858752
777194
877598
16666
899851
365495
472476
156808
397108
35434
661608
362790
172622
932697
678084
449728
577145
798345
892001
515018
967406
161757
148625
54012
340639
834759
453039
182497
968395
766514
712708
85727
688377
527163
951407
174791
838567
50133
405589
929001
271788
452814
931800
533747
939314
78897
384952
980455
834812
937839
941606
26846
242431
320914
885213
883337
625139
416298
528448
79797
931841
153172
126338
646858
42303
60408
258322
487483
759000
507880
344536
757447
228678
792960
65433
415766
989426
840589
339109
79328
108721
519131
13586
5276
410659
503072
851868
584646
988456
76034
383472
761324
7466
550299
241116
153290
490192
134869
654788
932307
914588
122851
818741
638602
711358
592294
319646
689895
295235
661969
779481
155135
494578
831357
885696
211555
751384
560153
147625
626362
665471
260338
212566
193119
432340
95695
595545
347036
175790
331136
627284
390410
331402
253942
855072
472692
901615
726170
718433
872565
149146
999701
348177
90374
529853
999328
404467
591141
787331
143260
526553
428959
902859
709098
511769
637158
253668
817090
417559
702565
289172
288667
201796
975119
754222
599658
832289
550667
616803
789392
359353
452380
971314
419062
653422
510812
439179
344811
947299
257552
130674
558512
497831
674250
759048
496983
414243
484939
15553
579025
974983
351614
586905
499130
978071
196975
383955
194294
403459
823603
331097
614647
536589
665160
165174
612423
280784
73837
570948
507355
432114
803232
311592
215359
403770
565440
925604
347045
817129
208919
598782
131418
386190
852782
171391
953581
911529
381010
657438
318123
609551
799364
269676
904526
597291
606501
620096
135750
708115
239707
258042
544306
277759
415776
46253
565597
217066
596551
51779
371295
33058
993765
362245
429213
544343
114307
724704
52909
385598
771503
346621
633588
334076
620691
415508
348774
659185
438553
862109
864320
835867
393615
625960
504132
848763
728652
806224
176766
146783
172123
777983
89121
373767
32171
636204
217442
488681
807384
915162
344404
406707
174497
718785
35209
907360
226510
644284
788536
92004
733300
217694
77859
432128
713268
911561
895844
815694
717697
218828
402267
101011
181941
13202
932151
396155
783320
223354
43789
741853
86622
721986
651934
858179
765221
456310
109362
220191
809192
453409
835291
447187
399433
589587
783883
96795
893134
839459
908187
338626
915747
254003
689749
152129
866744
121606
511520
987598
641486
197053
998918
175249
187045
606868
185297
604403
77122
24716
488016
775081
727730
577854
353195
526225
457352
646949
10668
545833
732102
588758
261608
785018
746365
319703
693965
158818
945958
938683
347961
955124
520233
484142
532226
857788
566508
321677
395977
972086
235504
189114
649505
118017
481954
179285
754413
937580
524548
466663
437677
635733
109239
428597
908354
392852
247793
640082
483331
685960
229757
149188
619986
826548
555709
509325
616258
481892
444554
527026
419861
412933
791287
965791
181442
486398
966702
37817
199419
589126
47371
471997
827112
143953
196535
281559
617666
547008
927893
319020
671514
601709
757894
977526
426209
928199
739245
617208
746143
736855
61922
168252
628046
532390
9434
435973
677818
822192
756499
100787
865246
684431
187593
847959
642539
833583
876160
806216
957927
995409
103431
634410
411899
993922
315443
325210
851610
398144
185545
220502
85284
19004
579050
531212
343965
307462
521139
333512
613869
895290
426219
286457
987139
868694
808182
518048
54203
121494
498579
699272
398806
386674
152828
876453
133491
162916
10991
500754
220898
95504
467956
682192
932554
541660
533117
181030
920915
400878
106319
514275
894536
784427
975764
606567
728992
556264
571952
65556
200149
948305
822255
938871
848542
196568
186677
261534
588030
871261
174922
25889
29565
60677
60587
962063
822279
520706
440641
392805
277636
85842
537119
712246
49558
496726
448061
210529
292914
546478
557926
899504
473591
899038
42819
691063
144141
957334
82901
209872
468792
31590
367218
134729
116192
570157
600153
771149
8739
547957
42435
592046
119214
77168
220396
624239
435431
895614
234491
182256
767559
175134
85578
997770
533763
576901
628808
304979
378695
105760
575854
603781
876296
431794
103950
615229
156272
621714
401513
165607
62330
541728
938781
611464
27791
694393
480588
473434
638332
953094
54667
387538
422622
55060
342292
372471
42409
292212
674427
418240
665990
245078
757130
620441
567698
684104
103445
136569
13934
350977
437467
928533
550896
624025
481677
229857
295415
555041
378250
136974
568743
143299
822504
946559
148342
901859
910282
252454
36419
666923
939757
546693
835112
364574
528563
672067
526451
761112
429246
493921
819309
512439
409426
642621
224930
347654
141097
72637
402808
932428
894467
256999
151929
963671
42449
327993
418762
901705
305366
321321
158365
51253
107181
613904
935902
350871
854895
528368
980974
276070
533947
494350
958484
85947
102118
619472
424492
204006
414546
760536
513343
4055
139564
315595
918741
169882
923688
253244
969610
618135
442890
191735
726316
771950
217277
219434
401333
940754
769784
866533
532815
623232
691837
593891
577088
980799
5130
563425
624049
462118
206556
96446
396678
963407
827212
927381
202049
690551
914962
907642
236962
289796
837638
274031
333778
810198
429069
582658
18617
844403
611160
817783
552353
689887
652557
249082
202969
11645
73065
829975
115947
886419
147059
907029
178511
483819
257905
224915
356006
280765
822235
570276
915889
88008
766937
504168
392786
390875
861370
237263
540706
908182
52176
66986
901519
400018
319747
344094
457617
178485
51894
773635
508100
358192
988197
648157
139476
320948
118790
962091
172199
855387
790504
344270
533632
864882
706796
881106
372077
569639
710537
623069
102270
862958
705970
921668
734950
38279
331283
666991
370512
293942
598755
373633
537700
25048
884614
672748
693501
545897
25652
431781
875824
924970
338292
252260
530699
999929
73055
933485
518356
60559
989988
174076
698828
68301
500993
894674
675205
431887
911840
106125
594359
697120
17131
100862
146953
433845
593435
402339
808423
448392
828691
701592
956159
216635
487089
464985
610943
504441
367836
296507
68105
471191
123371
308099
572274
658616
81312
168866
252152
549017
42178
506812
192717
147652
96729
73673
971048
890125
209195
335782
529711
219030
735921
334687
596604
579874
490892
913719
991077
519466
244295
974153
256399
548804
729082
320129
441875
796670
310929
861681
620179
78506
879970
271047
423506
342739
267248
343413
693819
437884
793422
294235
724675
475412
35403
286681
209960
302482
335055
971370
508109
867197
893570
313891
683989
682233
840661
543754
643789
331177
367005
910562
313538
24780
290864
47899
653500
203510
839452
755031
134525
758869
736784
113900
189733
455849
417587
658326
926621
362863
18829
671349
103865
81171
155251
814253
301885
250642
799354
928552
416845
590177
933717
708160
588649
304167
827814
535550
265145
834800
734837
641444
99685
347049
590993
485558
68889
914896
792469
331140
120891
229001
478306
676229
779274
389378
44337
510499
223303
986793
222282
790562
693420
475866
393942
751524
533580
928870
874092
597921
688152
408186
202115
968314
30505
148758
300715
1446
250688
9978
886336
275214
230402
728221
509318
276887
358814
170695
314203
536188
54753
131125
628230
571229
90036
928866
774973
595402
84618
323359
12805
947472
804628
586166
143561
708200
219855
76038
408260
678827
176872
431915
178148
601306
608161
334709
214972
696652
806567
661450
838057
762484
62122
417972
242906
364770
39235
174070
487701
866570
683252
759846
586352
538381
626533
827162
198776
690143
89044
279507
724853
207069
148516
9507
513602
586600
967059
336593
210599
542955
773065
830442
283499
690959
377027
354382
615052
127496
122414
938906
531477
143717
502706
421049
812319
500851
838682
398742
724527
56997
720761
134975
920000
248110
287826
385421
344334
874437
934598
905860
732419
620799
358354
439644
109297
24981
480996
47690
211746
661943
944691
282726
38602
127047
900457
26982
640249
468497
539327
93574
96109
866889
880078
934903
6946
174211
407041
944367
654576
965717
673444
645865
281862
161306
31612
549812
973167
939560
748553
957602
507784
284202
956283
110253
745968
983806
73132
641935
356072
921491
42298
27189
513267
62000
27063
437792
231490
633081
507963
909720
16672
481749
30706
9872
400861
801468
864115
136328
969058
904251
731203
899834
22484
306361
643336
540830
51001
256613
722356
763555
978754
661580
835181
440492
604379
501746
429843
46052
53630
5702
270441
67225
913413
623075
829388
628829
492223
352561
259683
990488
430611
743031
60161
678951
32024
401010
12564
24064
157571
642837
687544
553907
569534
110217
199917
158659
800656
393837
196663
866840
551198
439228
917053
270447
206656
11596
297590
42519
292103
513110
253416
746302
36073
788433
203613
368557
803059
425929
247727
150552
450031
205762
744120
388691
978440
97416
710830
162907
550137
914372
779128
481117
930362
592369
99399
371072
968968
928429
941360
536640
349373
839637
62720
584959
979034
396068
810943
525547
174840
126217
542902
127179
300264
923226
908447
829165
288037
503010
137278
29953
860298
121935
157407
212307
487768
553320
410777
661940
448428
358362
544302
483776
630467
255163
916149
466084
306216
924832
108221
87742
150324
801568
632092
383385
744534
271563
829353
388961
700648
761327
443370
394324
330508
911055
267922
736707
467531
800607
908578
66486
654274
814613
492935
665661
840101
190498
700746
398347
927420
309585
746240
699745
826929
298096
662008
294594
874082
185199
171988
108185
140753
892629
531969
961583
118723
799444
512146
691015
707432
560379
776730
139038
397244
917655
99892
829602
370491
836979
632243
347116
315087
823754
671424
563431
756921
189187
519348
405939
256207
417494
956700
988999
573941
674424
325467
53831
299668
72768
470614
706838
732142
665433
628363
598633
691552
767470
706180
914430
989344
863662
625854
781614
15944
137193
233006
53484
248806
331326
256582
685783
394902
509310
333074
709735
264935
49945
93320
333243
691537
65935
354804
723025
155540
921467
548671
60405
257493
887509
528977
976324
416310
815568
812621
110541
725463
415519
830826
35663
19532
458053
600784
69679
810941
182425
278454
912830
598229
573880
405964
129979
374947
991912
967149
372188
275625
727736
934064
31664
133374
144457
873347
694680
842542
636183
821525
21394
648505
44611
789656
86654
280422
332457
89734
439459
292556
734329
12334
237035
790751
642675
424268
275185
974268
469011
573655
770567
797064
32348
78267
997423
174667
332538
857436
167699
394853
453755
21412
891143
781601
186712
724235
185116
59388
799138
79056
553126
58705
432977
168161
116801
59005
512786
721076
891165
193896
238114
492362
463062
984607
214197
329562
3400
741487
416888
66935
563761
445318
620750
734473
78418
671417
913746
433033
465891
250900
429521
537329
380213
790024
980203
476637
403537
248533
754091
966344
171746
36460
930457
502450
838186
853402
668854
389337
368749
885152
636946
494480
606562
823911
78190
374224
801947
680434
489015
971472
577687
712974
39449
144049
963746
89418
97792
835693
537774
983765
684601
146503
264507
61301
87685
883083
313593
142993
181176
927334
450626
427980
372774
133851
815526
171001
680525
13115
565120
674651
697331
502104
835100
976147
951956
836588
808264
102049
642260
372072
706909
115924
693628
980681
559223
104378
789624
205051
425309
529742
71828
308553
124055
914841
561051
125063
316672
877693
344509
145593
837601
208219
798857
184148
814674
689092
814317
504855
274001
701520
607390
710256
632696
405089
100598
365305
551367
38424
151882
953158
481030
197509
808269
645736
114751
920330
194111
743009
543162
19741
550119
659042
991346
495314
395727
504573
436874
594374
574494
778746
933029
113326
718682
981410
109404
170443
654259
544309
2975
926712
233535
26054
52675
105554
41813
242087
582961
401503
315212
573007
648355
649891
318889
51480
457624
109604
758667
624414
856083
983740
698145
533615
902461
10212
64343
235680
340931
904412
200183
856560
448636
451986
30909
580468
349761
248050
585878
30571
432043
952392
938302
366355
884892
216973
996874
25446
950583
660932
388661
304395
992964
836788
553895
900834
969855
577122
36245
57582
931471
49779
613832
538800
293952
422224
218993
22975
90249
808266
562521
324954
84866
226810
338474
49600
181892
602472
782618
31433
342232
629283
593838
453568
21128
692715
469559
377570
448870
909383
523683
701759
675134
223642
915058
876380
381802
618169
355170
568801
214912
147924
536673
175921
315741
978627
589180
110193
187307
764845
197525
602634
484810
868789
764829
839477
325713
592158
187467
307252
674087
837148
356021
905188
215373
689573
744405
602887
710387
1767
60005
591095
436712
996619
614814
298161
691329
740349
707186
925978
354439
315962
565970
221967
259684
841648
271880
339480
556208
125000
513102
682264
497021
579354
51573
483081
374466
708444
934373
418154
537233
997555
988102
734877
545460
331727
410800
901892
705390
537673
221657
845893
431294
754461
698482
181413
15046
533081
414472
481783
11249
203792
570229
802594
81632
126670
669077
67665
922413
777716
510316
28246
515815
117571
342261
643340
264277
823584
549987
409997
898229
7417
57831
773101
164551
559152
460542
53354
422247
256893
608126
739112
288117
444918
739218
680702
128053
721534
176169
813548
760910
550539
750243
123609
396245
852545
304469
705771
58070
214953
7843
525769
284499
672723
467879
35725
78600
871496
951944
767511
58
106928
152473
540897
184502
250357
269686
580947
205834
223796
539217
710283
245241
284995
909184
827877
614402
725176
203554
364021
685037
529968
298105
548869
277955
479576
480722
257536
969553
39384
729091
22004
611354
241399
641150
765893
702132
79373
3349
259590
996408
321841
938653
844987
464575
494298
235397
326151
532478
660105
393184
155611
294833
570695
227850
910848
450498
552909
395656
791457
827660
890793
302457
492648
591696
660079
184514
529136
372633
742369
289490
462583
721228
623817
104819
193686
482815
852798
740445
678946
418291
649131
735474
470576
512297
957665
597111
87775
589288
301404
692302
179296
117982
758475
112869
810160
654841
366026
738475
49472
130917
238727
260817
684668
603964
21905
93926
516661
978525
241864
510607
5606
316420
539785
235117
381237
248066
45024
457757
480135
660958
700316
997515
914340
217628
215888
360204
510316
540406
342969
243320
38696
892551
660470
290916
791888
810095
408628
336353
341115
832284
276717
802672
843612
417703
274319
39940
857050
39315
227846
273252
937408
947650
903461
465239
445224
821172
598057
333813
207968
265883
200077
863853
902450
910199
378738
756528
689871
408660
531809
499164
649923
492206
868025
251392
727686
498645
947183
120051
747527
309499
683367
645308
22645
467999
732636
332454
618298
368924
259976
8347
242255
585114
841015
639675
777355
926883
508088
955141
359426
797024
261747
388895
241347
985374
100749
148963
176321
985955
795889
274703
825292
576732
895895
284460
279135
865027
342951
622634
989819
633885
554228
936944
197120
563909
388639
899240
146230
941253
594656
352441
641928
274581
8934
155075
921602
645147
341095
125752
679700
293421
720750
419118
247786
838253
237261
690991
872037
93908
677546
620638
768767
695397
812845
905214
130061
472377
734811
635716
409584
957534
692405
86818
328270
853434
337740
723101
244982
868944
784132
147729
120097
4253
730376
432003
926053
352587
624101
57597
44229
903171
904319
509671
788037
323771
472569
771776
630381
91631
465190
530865
33067
256740
219700
622265
146568
366460
821366
537631
560926
169154
935660
651830
519287
675730
947837
312133
662849
800906
793356
451998
705288
150924
413869
688774
693258
843750
800932
491647
567023
681673
153279
651127
622780
684346
908692
847442
328659
758904
504514
385633
994639
393187
570773
874623
632869
896108
526059
855320
945516
165518
529952
846467
303808
439200
540412
967044
704026
570381
426978
221431
449647
284641
995524
965553
430227
108570
152574
131889
313623
772342
782571
713550
774080
605969
825551
777701
453803
343606
263807
750012
536600
692272
214580
111256
677649
315214
285309
47409
198414
49509
434613
199329
987275
910283
196190
517293
93027
572296
9738
974707
446649
598058
801874
67811
222387
269782
674712
400596
158731
867551
859946
38791
837127
89276
799873
625526
572117
337442
294991
588475
799920
739649
910645
202338
674598
291709
297497
610301
613141
296716
401258
604028
495504
225504
679894
667761
317732
40195
439764
790338
143747
329780
213469
630436
35718
93614
596557
431564
158988
327383
335114
86124
579443
76448
7678
816439
846809
912218
254044
526185
462731
793050
742276
101091
856587
487991
123092
484404
58528
489141
785740
664828
582669
3866
179433
450960
846786
200155
988344
535249
743866
542449
692574
186863
767313
474768
957791
632521
76719
741611
853767
794101
212512
84485
529662
304660
420034
935743
679683
472331
673406
984033
890485
730451
750361
884294
45041
165635
137188
546371
602770
755309
915806
295000
79263
317916
402269
936384
933118
711259
462453
210372
665495
803643
211382
764537
188859
738295
307993
254371
410144
682464
599619
280608
656860
73159
226863
811285
153214
949612
308148
273867
618499
109113
933204
126558
439534
595126
395496
529614
785103
429167
554670
349292
734320
591693
388694
900906
245092
995669
199872
994542
914744
462121
943278
738767
530014
585551
770345
995424
831169
990222
276052
38287
243247
426925
22298
618881
623223
729580
763139
557645
756732
788196
142566
994396
58010
610581
739194
855462
174385
843893
744885
249600
394233
906619
95991
597337
414406
367637
873243
898614
241357
119014
551547
639747
644052
305971
598910
656864
622715
359620
258617
431718
962650
48993
785408
669554
988430
295213
541755
132611
661319
391236
156213
644385
959419
532619
789644
432543
556863
379145
157674
84434
139492
418718
602879
975495
972682
8870
797684
748929
543277
747497
42366
417497
41107
18387
48918
404592
899280
321909
255267
190320
728739
614537
248633
956828
652353
235677
984078
112539
246003
302549
581692
848820
2041
135210
230186
606678
727644
46160
396509
95238
480489
535479
776423
169382
542542
250918
385425
888945
284688
501257
442181
598939
861004
167299
750629
405336
102411
423728
565614
643933
149928
712344
222762
148118
409337
661513
796460
763648
404673
417866
738059
917051
956221
724558
955304
527387
330029
492845
131894
770688
887077
722234
794642
389960
730371
137825
301817
768695
736658
491597
725393
660678
547871
390569
900467
926927
653985
180855
922072
512785
27161
33114
146149
472296
480098
199815
202915
957272
556901
691111
713670
471317
356414
332361
77476
599507
411074
440851
753941
184915
74167
587200
53595
16957
148808
430297
522752
805657
480243
4801
101648
463241
718961
112471
533439
697508
231481
947504
393459
843597
362379
698628
216277
931777
572751
397788
271415
183243
919888
314417
444854
738899
821406
553831
650999
228217
754826
438862
468132
610703
442151
761681
175490
242092
492719
276332
20117
722961
153162
448049
501359
31678
497196
996923
973846
900525
226555
783999
883364
298581
853063
792546
52515
806657
317577
929232
618888
68232
557283
416108
999847
560306
63649
217772
215374
702763
187821
407402
172193
899283
392844
17852
754036
113812
492503
672478
871998
134190
557713
745892
173526
297276
212309
87150
437234
203615
997276
647378
372933
421090
515992
556430
381297
484279
406658
827480
569737
965085
118722
214486
139270
102625
487656
857927
395268
220608
848259
921770
210694
346767
109775
701392
389400
736594
932265
482670
698000
905861
607225
569769
18127
18262
880606
435355
791875
354232
119603
420041
380068
202996
425983
704787
540838
134058
588034
902903
394341
741077
425235
343574
461743
756785
287405
268531
824499
919396
11442
894036
47309
656471
34082
499807
200408
256584
266993
521891
876271
944795
446993
954152
789007
23458
955330
8982
847909
365741
121020
447683
379955
718273
459487
785005
984016
473731
480033
351652
357303
382855
433243
701023
922262
342379
252258
350189
591049
304731
723970
564065
241713
123349
485772
687712
239140
703296
226148
579093
837591
742500
529859
335320
989736
186836
422138
607452
29100
901836
221495
845128
191876
723950
952536
616664
296630
174478
386732
614044
543597
110395
892878
917591
467404
785650
7843
635142
247232
312349
15349
473709
558258
983129
209579
56953
533099
835412
122536
479263
829276
184659
709362
228888
784877
821417
363176
940204
839807
304991
20502
920377
973943
387517
63212
241865
35625
744380
96831
990759
899850
353618
628691
108860
208218
199424
26861
801813
410801
940881
793978
532213
315630
313678
455262
848031
955586
267685
44076
12426
226829
573715
274710
277846
657617
992879
763918
461350
814456
122781
541017
383775
368456
320280
60554
740052
689929
248485
606383
596662
565720
686404
63794
699562
766667
148779
571345
671276
701312
662103
516414
982182
817656
765749
204791
931784
312194
458709
51909
743631
828096
661784
778421
488721
785428
888841
694853
46868
907262
102389
337111
50844
537260
282701
643376
932799
785561
884361
338839
400023
331658
961841
480384
714229
789906
747912
378907
92269
612531
731027
677116
70614
752812
882922
964011
70493
384261
828156
970763
80637
815896
823441
404997
136087
962641
975646
93812
244511
612037
727585
555500
709844
261828
80063
10631
150307
118826
199761
141724
454396
962718
262900
83460
1109
516713
605412
479683
850539
737352
876617
752404
102685
144667
922037
854046
128372
485807
707406
870053
914027
457126
564672
592726
670013
218179
710095
901320
681371
56523
475586
287043
87139
486372
347332
941182
178922
199027
754928
186392
123557
413154
255486
287618
337305
264424
359000
522696
90418
612838
542623
541179
368810
607225
558093
625193
630852
759241
527931
576165
752550
4613
503843
941163
870431
709891
615971
585042
120373
115044
361606
767852
307713
825919
767054
112015
76790
129101
369074
343251
523867
302775
859651
142893
893906
911988
932104
955454
35572
26639
563886
865216
216645
106284
287381
904281
751303
976846
904228
111551
949752
258627
740345
316037
758160
301668
929695
612062
80264
566532
569361
973303
813682
48261
275052
360408
589604
661027
321800
321263
900038
597343
677384
280033
88853
668568
471636
656451
415960
635055
295344
316721
624074
663702
282229
333874
69130
503846
507747
301913
148623
1933
542314
531165
691146
104593
315744
41726
125896
448845
26418
791814
215793
719763
499022
381654
358272
743312
77728
782882
483505
725386
368056
348437
450937
879352
911373
545971
99531
825018
333978
55263
888510
27389
510308
499570
293583
282812
805767
810123
317582
348855
598892
550477
626636
959418
765345
701627
617902
323509
750428
975731
236175
974138
716078
933881
481688
319498
349622
534050
235543
479158
244922
658722
28111
839023
318581
486050
849213
187718
104573
470088
348645
708269
909976
361434
627188
717072
249109
371261
10641
900027
824624
999258
664176
955129
970535
770637
868505
262580
149303
244839
520173
376393
154851
780267
506854
954130
575449
96191
566335
800999
54421
878956
892718
611798
224212
846469
629662
287492
742043
675371
387246
976042
257323
487159
589474
278894
550172
322383
467528
135459
556729
776516
438309
590201
940595
806792
249221
538876
309522
224098
600223
501656
567304
534402
789962
9905
607177
305743
522061
987401
716208
147180
59782
261988
237344
161363
7951
681345
297876
241859
815516
514431
907975
635102
760851
999288
772534
365563
961387
456663
229145
51100
239631
688633
159265
550738
771845
885186
461596
841435
581803
808793
604076
605101
89810
572534
272604
298136
44782
356364
652843
170748
355943
206800
985188
911079
681775
995292
391724
957310
342261
891019
355374
156086
870231
282153
991945
528460
515065
977305
591458
246441
266796
910781
997618
782000
816609
440132
639033
249701
635457
650897
783288
486231
491206
734932
887765
171879
213136
590295
115158
475642
97724
400268
576614
51934
293482
229257
31999
640010
865883
138560
303026
951962
589193
723283
405928
905217
437185
765987
835128
514651
979478
77321
493962
519457
977839
625663
24769
901909
701295
973517
578541
628044
6162
577793
512326
362345
284616
366903
403093
596352
564953
784399
728098
185112
480243
195002
984396
702860
126895
734294
578373
789668
495789
228272
538280
862740
866424
836204
584912
105363
102706
614663
334859
67245
415751
667339
53187
178144
438232
264248
170413
960099
753690
758318
550104
570009
891763
135479
780892
593655
161463
90428
676247
545888
255606
493820
150929
14249
751287
310325
697383
162695
387829
815015
789708
29811
460996
928096
468682
202238
237737
692190
253304
461968
193160
15239
846455
859150
283595
29215
6923
132602
440922
331728
513324
519979
317026
360087
951170
480747
20874
786805
424301
867297
735862
110233
527581
62057
458189
694864
394261
522378
431030
967338
484179
961895
663116
405343
293424
761872
486704
934982
757095
683860
357984
807507
717825
784558
89235
706585
876641
588570
575217
101980
798927
969389
558246
108997
906201
350318
540540
140952
514831
973713
353585
946143
133122
369807
138536
580562
457623
391545
573180
879228
712005
460967
382268
142705
745041
765995
974015
637069
584968
56269
108898
337059
84904
525274
764675
755805
429947
692865
261466
798481
118059
688452
160760
810363
648695
87649
978702
240680
612832
569434
272346
1393
456508
633575
752620
936703
76116
875464
781360
26245
896884
680843
416844
668167
39700
58687
578785
389351
348367
468404
993476
39243
183310
975375
464707
655747
485363
106204
738592
778538
538671
690492
236432
553753
669029
899894
595699
758628
691998
958476
736126
186475
709303
105090
867184
72169
320059
334144
279559
772441
195873
62621
76838
954635
387456
249909
979774
610861
239996
263441
429246
764516
549518
536539
83911
762565
850782
937810
892709
223203
567420
408973
962273
745721
14341
36057
97239
618200
656056
29753
402940
316663
916986
317600
578091
249604
847315
298316
905772
113180
271454
983817
219691
182917
178215
797684
231313
130732
93122
705033
171766
518278
254308
84502
521392
637840
192801
639603
717096
463185
796402
120365
89688
876064
36626
521136
29896
789227
572456
111447
868559
376552
202238
507423
59089
603843
531952
209104
146520
647571
378405
363501
215477
26055
418107
111986
256579
986837
472563
953560
808789
158544
800302
891391
770025
473505
239979
350195
549191
929881
624094
227853
786360
369967
928258
599543
895611
660096
411969
617824
965112
943858
644660
861574
891184
341282
866067
113356
873313
176083
19743
263549
942462
708117
821285
859691
982649
304296
10572
250418
122403
615455
138301
173983
564339
523392
660346
169978
758726
787322
271624
633090
95674
698403
713671
591660
519683
386544
200664
585091
970393
181693
557857
715090
220908
378698
874464
355648
508506
445952
641868
999161
472094
68158
965814
525245
170885
204859
629064
340123
504795
352270
847543
145646
404408
544960
955698
489364
273726
851173
702370
527175
472815
401250
174806
98258
920825
697673
725033
976290
858564
844521
686148
599827
559769
409325
196933
633760
949635
428330
560080
611913
287413
641082
477334
606565
301355
742215
558561
838751
929292
901083
293542
535084
519328
447322
398798
185366
847814
164390
749727
521507
772741
783828
984843
229579
897396
24497
379362
200874
250890
184577
638127
544720
90909
648678
348186
49113
438590
718922
711442
229369
938364
185960
38646
832061
185004
324811
362849
918943
473818
125192
101858
971754
133904
489268
918463
671405
775794
618084
472704
516364
216920
838584
558274
498071
487002
584009
421032
546992
161589
188755
331985
882719
390156
810360
727719
548161
775485
917389
585518
253245
976150
911012
633769
176137
127918
917267
64150
822472
123650
881273
414944
705225
739103
307289
393568
427780
667856
34349
915389
65661
868558
265846
920993
819248
832382
43592
421621
815644
320949
471939
553988
817626
861362
248015
114519
915435
633067
845494
572464
724993
925092
300686
715161
192103
961186
617759
585312
359754
685776
188493
824692
521522
81380
125010
739895
908269
633674
838306
916254
229578
173176
651118
998
295791
231627
844310
805823
277592
881787
225092
523365
153507
794536
199059
751110
557902
783919
501391
577836
976160
113484
233929
209817
655348
935188
255147
978043
510361
303166
799522
829809
282096
879930
663670
968825
523022
175736
131830
320110
588375
134257
787836
74393
593103
920973
29084
625336
745072
591410
656903
477553
172424
662101
254300
647921
2780
974896
211003
634983
917477
514040
265984
312995
755076
710746
508308
520084
526564
480362
699905
378008
655914
220912
886923
755652
283467
932497
59952
763444
874005
502128
961986
827726
65352
491551
94345
323644
193974
176999
862398
194943
563608
530443
123913
844461
330463
708591
33968
532794
923546
449405
339958
518758
460863
433629
574032
349089
366755
628508
871380
567897
444855
428619
25983
954936
484355
123721
668325
379485
211657
208365
812623
844601
31036
116073
891826
261267
541437
651643
230847
649550
624630
279761
954491
77440
126521
581821
900245
138461
695402
149191
991782
499320
564884
961224
768806
340533
341336
319013
486091
703473
566040
991283
195165
649260
658809
480174
225964
122557
973919
815273
31508
715084
707339
56719
92460
363144
769773
548130
672893
555040
535134
273858
442804
139126
388666
908722
719991
251278
337378
681177
372469
298993
736553
109892
652738
596695
86727
329503
862974
427448
543467
355787
253280
268663
291490
906627
538034
553023
145489
691023
40650
274443
678965
995878
23354
776770
93916
606133
274008
648527
65858
679366
458968
581769
848450
531198
508926
854385
434221
467826
873114
276031
441005
500761
467285
315016
462511
636026
135654
15970
88631
999294
926780
495050
751151
423206
602634
23246
743652
925262
941460
601280
336582
185057
380702
910471
826987
969172
186571
474496
160298
518775
728387
962156
735454
563376
818234
491008
341558
882266
969970
691832
353347
897983
943345
316889
872064
949987
578091
889010
767986
264422
528857
369280
470224
611202
963151
802646
361579
238487
25278
340650
888282
962587
65058
388441
830914
608164
323049
141520
448200
548188
720996
66475
822214
982157
415615
658285
223413
397592
721443
759262
337726
874926
787620
335145
323008
61102
752443
675283
813977
302644
175219
41321
864575
226235
677666
683641
557836
755026
967204
103569
524531
714370
270272
925895
887321
292729
856910
996509
531567
909672
405889
187682
324953
506447
911948
820693
128639
71869
90161
577702
458968
879230
876903
604514
6492
190061
278079
935750
298974
632887
791263
520923
79407
113317
645056
986913
810527
613010
365804
865846
971649
411289
569248
290296
125758
129196
189870
363448
892396
249719
454442
680608
901872
120768
890579
604031
950066
37421
949636
290289
424932
231207
348984
624044
873688
628618
984139
37215
945895
115178
715036
52872
190720
208785
643842
864958
259036
902871
370158
887094
691076
382844
796059
239717
908290
752188
196727
619728
895567
113319
275619
403483
926063
307917
240859
378420
117977
504487
101619
100386
537184
155139
201222
804835
656730
764869
146854
688876
600190
884377
144972
845619
673525
703917
411750
580992
289375
134236
29776
881513
766892
101905
266665
835738
323423
356612
324087
724648
162315
375022
5709
38239
209192
659853
207041
198859
136349
882033
804903
760700
462964
18870
149491
569814
955129
373619
55061
797491
265929
925534
21336
856475
677910
716704
163511
29418
857040
363117
293246
650863
352921
520877
786113
150945
648152
188979
577670
990677
748727
74314
854722
168451
342463
658288
590070
72547
964855
414042
668964
101878
819325
884712
726721
745237
700435
165666
648593
355807
997818
938958
886813
137628
383029
730117
752424
543112
359852
852290
671521
608925
715606
981444
557909
928290
572900
950226
961820
910094
693876
603171
639551
869768
515745
630924
249096
529221
659671
324432
309918
433891
910218
932426
615472
226190
212030
195248
789266
49661
688899
928585
176038
314333
106754
538295
242459
346500
451026
610096
239531
193998
67557
737388
878519
759384
419860
174938
355043
965321
599359
798068
318302
843959
643930
130319
599221
210092
217356
547983
947197
980176
467376
205069
870878
896695
949712
676571
25353
413379
435873
247587
831494
405257
40226
418620
325005
224800
407616
193240
659344
843129
874543
541338
330613
656339
986742
934780
941549
549572
761623
409777
458986
630457
230922
265022
793587
960938
484564
100705
301085
390460
938819
335656
575729
722145
850064
583625
753654
786602
540061
11619
816100
831959
275718
594695
809499
842186
255026
942453
678140
801897
512922
53808
713058
786371
539538
175824
323008
561670
903023
527279
334012
64399
704880
207884
104767
113081
780518
586324
685282
528543
915987
388603
728456
200355
576228
850070
119183
313659
604607
53042
106031
305031
663332
119662
680733
346991
549934
247770
214707
879427
2260
769249
13661
502603
320733
519386
64970
465488
276596
589220
742437
572655
577979
999482
107002
986705
59742
563767
743370
959803
196163
292332
834147
3298
762790
59853
491852
544278
961417
284852
26636
972330
321809
676808
891948
74261
99819
399440
366356
110399
945366
69820
71514
170451
889657
732440
847902
402789
736410
567112
670725
894561
319039
970744
915647
199676
359572
273098
466325
992440
997070
961037
446368
593039
458530
635931
658567
609285
24228
846613
774694
212591
675720
416509
137685
704760
651683
593296
544166
178312
186310
169535
36872
42276
686884
386417
296263
619829
489793
73296
994717
426699
961587
448090
427070
928607
807830
33838
375032
824792
116223
383081
543873
149678
379719
367061
669469
975622
255901
613591
140316
938075
395185
94801
114186
96019
158149
737746
285516
668223
672018
328748
171983
331933
604995
128582
225065
998838
16491
335564
642976
243552
899204
494758
583903
313206
456729
899701
988025
249977
447205
205702
795659
802293
114839
591923
620431
455104
958293
644919
792969
68056
875550
762376
215776
45345
89317
55304
590573
301952
627573
749632
444645
716785
309104
255879
703107
703205
38593
33388
391084
744373
651604
576869
370553
102625
238751
178840
871462
723273
272718
14606
34433
605922
165166
371211
428044
8061
229692
5275
435869
85366
631696
96787
551694
81337
543395
123270
114989
521459
264571
315547
35239
982990
355539
472371
560713
778031
465283
968781
648366
108479
245872
366799
362772
182710
93492
948467
323659
235079
655725
393793
844474
925572
897720
984981
965732
444112
741746
789529
199505
316927
588925
389501
823699
93292
975934
286721
991165
408908
177114
103499
233064
394351
155586
79924
762017
95981
746934
239632
36877
165673
543292
814850
864042
515885
258388
973308
882261
907158
81050
55691
542169
762690
807727
614567
826311
696270
591533
367478
846738
145162
858443
627124
322592
892975
794736
373302
727444
689684
808957
824176
796470
542170
256796
603184
99096
342634
209907
503113
722380
340651
751253
737052
390364
599057
733714
165707
415445
267890
593212
243548
301507
344660
393017
106449
738982
71996
299071
82359
312687
75903
973283
885722
987817
21985
876514
793283
142139
412630
677374
171383
325337
26918
134285
887845
860858
739606
7641
492854
483692
48770
665586
662211
720932
876219
946969
289331
860497
745756
645970
788729
782454
149711
630128
402090
129721
266349
147947
126303
546809
252962
112175
650764
707952
586572
974580
770179
972028
748642
867315
545296
45393
695310
8972
491694
938161
288153
406855
200374
865860
134135
465673
455459
80364
59411
684858
540546
447949
878086
374301
541302
744166
123635
802770
224229
652849
224721
878226
208958
546419
557071
648504
842949
813975
476935
940570
947385
433349
637978
382434
242071
496735
21814
835229
975698
869708
596301
683588
467433
126472
701008
882805
765698
746929
604279
462777
886643
827525
176179
227723
51497
540281
394482
330867
388152
409932
768566
362438
155543
333413
123232
989067
711210
33039
820577
451495
61546
453798
996146
326878
951258
663401
645378
773808
230597
90005
9115
94753
48557
392021
341866
56034
139892
656451
792574
954957
848537
269387
571462
44580
911733
229587
361557
853971
568781
466376
418126
99355
645104
580480
134257
792
920807
548454
444082
574151
64566
567308
873961
973960
589916
64635
529559
632244
243921
914392
250467
35801
416179
619207
602374
697226
570266
404536
690277
959601
414392
751900
937540
264083
221958
655544
692099
606551
494456
963267
514039
368817
706147
397518
865258
131745
389940
308872
186616
649453
454125
857620
870844
648655
185153
840204
96436
484669
510823
430180
9259
990903
568763
877788
687938
175475
441414
916649
894369
845588
17072
220488
681928
458469
329355
271358
283675
704436
647615
126880
328139
373190
760580
805647
977414
3368
493727
580119
650312
631898
446479
663722
138630
595160
743189
453836
770788
800620
196340
529622
934753
668789
579998
825857
814862
394072
859511
485480
971793
15538
959063
822298
891414
369166
860305
360865
819681
954231
156421
28136
464452
747108
305545
434514
438538
259333
576669
951474
271066
386347
737999
57584
487760
570506
491820
233268
74072
388422
23833
235752
107410
420813
376763
893392
72898
18976
66017
118494
601360
485653
908014
510903
581924
681985
165929
57049
890336
5903
860497
324954
573889
118632
241296
860064
733297
905436
578622
632434
759813
174718
778214
162091
641311
899796
668467
531256
70707
942885
7457
798547
302244
526963
268340
940974
706576
252025
547928
508492
877110
50488
538909
595724
44219
32323
258475
411118
40293
644906
936800
380349
411905
366869
861645
117166
622802
241879
996014
965450
12783
920993
742468
482517
561116
896087
404878
202865
865965
871591
900348
2320
920491
772091
289937
626764
589497
127315
867908
29673
567173
146250
538274
862374
4508
54664
904894
700132
986114
361267
748019
587291
252377
747745
987175
254650
965389
468499
914360
82395
890646
569423
470445
981809
906059
603593
117233
664085
80207
863051
835985
627241
608747
426047
843297
649284
418204
840472
194882
863839
684615
937712
686451
835353
635090
884176
811846
720681
229200
897789
611241
29804
524104
99096
38180
385351
244244
155847
587793
311252
444738
852739
86118
109170
626285
314187
786085
911358
365864
530748
402957
210207
617225
62697
118202
320089
576757
374853
392285
317884
244686
273167
48024
526320
176458
744573
524885
27986
836584
111627
793190
796473
341450
668310
163452
489625
46907
450557
901202
872742
366416
197673
943816
379828
508979
463702
818555
787720
584123
416920
93749
379167
634988
70761
36952
608902
865978
591444
125336
455762
632320
895104
21161
295755
43585
93138
592282
845847
814877
798741
684111
49491
848889
938571
143144
479715
341269
837810
482678
589232
792874
765588
618027
876983
252527
657978
264529
676179
270111
6746
526237
817959
863558
242191
282969
493049
395504
548713
602040
929313
713455
19765
289198
866841
862773
397701
74068
938551
514450
453015
175813
983129
172346
422420
949483
953069
357094
379313
554068
202372
199219
427158
325843
1353
454221
301739
522731
87798
256108
733284
39838
631448
399233
902596
475990
540986
894517
594286
247267
783417
937084
712551
551899
151934
614423
936847
905455
245899
394047
890149
870389
325644
229019
195097
910207
222525
465181
787302
601546
43919
108570
523941
533682
47290
207029
684539
716014
264617
666573
354913
793923
761824
781855
652251
392458
166062
350346
505418
184123
831370
941664
560672
269788
192614
556870
62724
393134
864810
194880
153887
16137
37065
687440
206428
100079
431872
678279
357005
678868
473375
527668
787424
925098
78582
860234
861144
465571
473606
736783
511685
820716
59588
938471
328755
287266
688834
223251
209593
977599
94843
133778
882783
379165
370244
376290
958636
644862
881356
13921
531261
793715
631450
28754
302360
567187
165822
982709
421548
767448
11856
218001
407853
703162
171951
965203
620824
219872
499135
422684
631696
278248
432719
375442
767787
641689
274869
261031
210660
918546
705866
828019
863441
322273
854294
781044
714068
118611
807918
896216
356388
642681
701240
393988
802167
243750
247398
6484
759882
172936
334279
255312
366937
117919
22049
296576
745399
5211
67580
951665
41727
995047
624199
233371
844742
225259
267998
984122
449205
623005
544233
60828
109153
751393
808368
793439
607336
865037
838937
494419
336745
48213
296256
407227
496126
837802
317215
214110
795118
848943
509446
95741
856215
266542
550997
360134
493211
997006
329182
530689
293710
302812
24771
11281
531078
420231
752557
161608
817463
760213
57765
172110
981965
758538
921263
692083
6681
987167
264731
783188
949068
901000
517925
884131
227588
480696
418675
511484
520981
976786
350654
633117
264566
942429
261916
830841
726244
206196
385683
804925
881704
960407
599977
878097
625476
673977
7263
39757
871305
436690
308597
201751
245648
762349
207967
102232
243171
463240
476041
229733
971289
401015
461662
236543
515422
959532
266002
874603
573116
895626
111302
526857
248328
756187
868774
40469
298256
806735
717245
371321
898460
666997
16527
867665
945740
705215
713433
703651
764552
672151
446964
338262
518080
527512
745491
848446
26803
536716
723275
853172
151052
440810
429151
349562
342688
98230
906268
572896
178634
325226
359646
341702
49416
69052
562842
58721
650519
425635
312106
723531
134134
114921
513034
185820
506333
153366
515693
694019
852730
832815
370191
874055
794071
413600
859573
871702
279702
605732
354907
215601
872747
163079
967015
839739
739977
30362
28970
493431
508687
533544
258200
511245
66116
486281
847134
182510
276627
100955
50354
341295
382573
750649
139148
55450
835457
525570
14747
622842
444003
558264
790475
669766
807336
578924
286397
819533
933551
545835
272256
215488
752872
780732
515052
840537
37091
826321
105431
718356
66879
296446
415819
593101
949445
840015
866148
403468
278974
611726
751708
919561
891961
170951
318373
777715
186610
770994
142532
510824
664735
949846
706136
542612
266515
130208
286956
411134
330174
59412
580525
21647
253718
808825
674243
133063
634047
411929
837722
484085
83335
582387
942892
628677
107883
133824
152617
776562
909633
974639
857837
875424
656964
723911
827951
733411
652480
219156
961802
61417
92231
869910
53081
654646
773321
432206
898633
298321
681739
700769
396759
18316
265146
812350
45616
555592
237617
646506
749854
230250
744787
887745
5793
65735
541153
212153
237483
233555
138821
138612
446092
531310
832639
90076
606119
970753
423061
14546
518978
200938
408222
18732
815156
67737
651150
774681
433250
876275
225176
125974
250493
701789
21928
944290
427595
633040
871161
701262
805130
944807
695238
527019
397266
905695
141654
13008
637417
943576
420924
886813
289439
790312
158599
872251
215621
949008
583355
3652
512205
657984
425510
982096
765847
75483
289885
313545
409639
304122
715212
262829
300269
889799
877848
397041
31989
319140
533539
77881
590616
244911
739034
430077
225657
483899
923366
976455
105446
164512
143310
840121
299104
151242
333546
696047
237873
37843
275404
28117
298986
850684
277802
23193
864377
85376
439707
176471
16243
343831
521201
970792
344666
416953
169019
21622
460351
998886
713945
852495
817395
774873
307608
290520
354084
698607
672373
75517
470534
619544
287003
857705
288532
11473
157757
978704
226308
652232
282367
909957
729488
783702
376134
522086
175668
624543
428168
314490
98859
264972
597256
948097
495995
531932
588617
54279
778693
225606
736360
28165
559938
136481
672229
333191
79615
231464
151698
14064
632181
171307
861236
615877
518661
424139
390107
548056
70765
315929
571302
416466
955501
772992
626380
309014
977770
208387
896936
958715
400704
301221
865262
19166
71215
470442
573523
152615
637443
271397
237681
97995
755705
268829
904276
321779
680279
778254
42698
111288
780807
313877
688110
805704
822214
169605
482826
886635
487861
915684
663030
539466
632000
598376
347970
655470
349420
493211
866383
432630
275670
651065
753569
877493
892712
546483
694752
561257
20640
998080
192929
934893
986608
245700
538114
51719
786323
704375
655328
558078
768393
884928
2509
814241
767120
463747
252887
290987
910638
577979
635315
85978
587865
570011
912907
384955
338015
713949
633945
24723
461774
18666
198949
14857
520015
808283
9641
98280
843543
669187
694057
295916
413315
598954
470487
516750
827913
137743
926230
421663
237170
836389
373273
926730
458672
475555
693606
969152
301264
829535
306311
869215
38876
633411
59156
765359
377026
758750
343828
565812
613571
413596
154428
545784
477693
912106
730686
289050
58905
659809
432223
864433
104983
788592
201835
12518
275196
407586
522223
794538
723167
50165
762275
444729
36353
409568
940703
21310
270095
70026
811191
610205
915708
1836
957396
600567
331628
561487
862790
512151
40865
775825
536568
134998
374723
511606
309014
249322
320707
387168
730930
46639
625211
383459
806487
204079
455156
174526
489038
473352
959334
152234
524681
528025
578651
796446
992270
989806
659731
793920
256776
793554
131396
24956
411293
594894
898449
549871
677514
51804
719254
904705
893154
847811
306295
926280
818348
71710
665793
415596
309259
695338
608009
83813
686642
219644
468614
732732
16869
115166
974048
651971
774763
495029
925001
408679
209398
325453
110449
464793
408819
332773
281866
147774
794127
301861
474854
149035
633573
865020
487603
426195
609020
575168
462365
986765
937475
453455
155741
313346
658147
976577
39756
928772
74948
703195
277216
852551
508424
464069
378837
622706
574042
36646
998661
682735
82490
693981
758083
552805
830359
969369
108552
991046
18763
895262
786399
689506
416
563998
265828
523101
77365
504879
783769
826821
8445
215317
809686
392188
203195
739281
584566
846238
61374
475420
30564
360213
845158
931054
356522
462980
27410
324294
774324
15407
836795
561076
839016
170025
556911
261537
413516
67435
12338
737096
466806
514988
653534
902183
995286
290661
280617
502089
515375
