10000
5602604
365991
445788
2894344
8025738
7527622
1128092
1073847
3663641
9834756
1920801
7992124
6017736
7526866
8728691
7154780
171008
213348
7121986
9916001
225625
3453983
6568678
8373576
4654272
1845548
3589387
4369390
5343783
8526882
7039521
2375707
4248466
8876218
2340037
6830529
8952024
4639474
773728
4198209
9653271
2657729
3721716
8857431
8547019
3299537
6598848
9180871
4924456
115197
4155211
1943263
7540550
8607159
6926566
3342081
8964354
786045
5743922
3894775
948425
5808781
2958901
4136574
9406975
3417733
4634112
8960482
397124
2365822
2714780
5891101
8076213
9816908
2018289
3154916
7229064
871828
7291080
355536
7680708
8641524
8352777
5130282
3520963
5072462
3622843
2085325
8350433
4655607
151952
4522700
6238807
9491051
4518685
3299431
1061866
9171952
3406400
633383
4632886
4494221
2229275
3909458
1768206
6133430
7045707
3571809
2510349
4583825
5371191
9614413
3145497
7557885
9388213
5016230
3080802
8896533
5363925
2315348
3455783
1343832
5242679
8460095
8550590
4428607
3420799
8448086
7602851
514464
8009086
6923661
6568740
5138979
4516669
9767182
6067902
9851913
3232269
2465911
4030971
1011066
6735708
9884934
6134498
2949411
9962456
7748317
6932022
1860809
7066789
2590799
7971490
320372
1838776
6028311
7403687
7799547
859945
6787922
9718211
7241521
752156
6142708
2076672
6020639
8420046
7549434
8448705
8736204
1733861
55323
8237591
4391856
9499555
1249835
4750807
8323939
292752
4971026
9695986
9192892
5338869
2781925
2621348
2495560
8488572
8234554
2854989
8849644
2133707
5941580
6369991
3955062
9530165
7833704
4061705
3333147
1714538
817274
3200981
182042
2620681
2066772
8888385
7627932
5611884
2722905
5874564
7167174
6239495
1988096
4757313
3088052
872642
2732922
2154050
7926975
607755
7525821
5016215
7335700
2381903
5597776
8256509
4440121
6223238
4555601
9467982
6342233
5582346
4712141
2382795
1886335
6852537
2964522
3683620
242244
7206112
6760076
3895996
583460
3285636
121301
5429356
6284047
7316151
7200017
3865722
4504053
7001355
9801162
664556
7047953
4357781
2826712
8067002
9938386
6628377
2379763
9564149
2209855
6123242
4874570
2968043
3536931
2021185
4480619
2627430
6024876
4696023
3637414
6211935
1298936
8993725
5266618
4782682
4263717
3366610
2177000
8807030
7038097
9357187
5094163
8222878
4324879
6038553
7800900
5521232
7533071
7412461
3003586
892338
1667581
6621866
8022329
2729358
6729064
4218290
6377882
9361034
4216479
8846353
4349217
7973501
4162757
3530144
9034543
9893296
1589811
9110461
9274124
399248
4033260
1699393
3541914
3682091
4206505
6719053
7740922
8054212
4544107
8803562
1150598
2922650
256756
8140410
4531754
8246065
3752225
3655568
3108968
4205047
2050462
8940343
4620478
7152537
6866620
752491
1485273
724641
9505387
389246
2538275
9397182
4804933
1365762
5895609
6527820
1773767
1267535
8550443
4666012
8719653
9543659
7773440
156055
4984252
5599736
6679065
5554276
115423
1364477
1482821
6539596
7061681
7674875
2055771
8113280
3500076
2999464
3946551
2762842
3616201
1813586
4473512
1480440
64533
7013286
808416
6092857
4423458
1323051
3529160
2957654
6846189
5365060
2092057
2574759
6651999
4028057
2232726
9896925
2603326
8594273
4628281
5832574
8144747
1664840
9850733
2822538
5069511
3432606
8293676
1024522
3992909
8534039
5068956
9750424
2299429
8176136
4256709
2523009
741667
6354268
5208356
4994999
7470489
4631385
3413222
211032
3122105
1523414
7669378
7527776
3019980
1253237
1997353
4492282
6644241
5119816
6700954
4786888
7733993
9507284
4175897
7602118
516642
3097556
1633151
5418150
2802110
6002560
8741574
8219468
5538736
6663480
9526203
8674844
9309169
7939247
4616726
6192585
7273726
6549272
1307464
5260917
8811315
6403826
4182079
3003576
3764209
3509532
8577723
1481315
4141631
9722977
4712142
8395809
4264218
5977763
4832404
3319441
2014556
1765945
7283580
2660929
1059514
4258676
5856685
4613623
8121016
497709
6376276
4673367
2440025
2409550
7110999
2410761
7073951
5320448
5154191
8271533
109934
9706454
6995275
4136060
6791237
6147788
6412867
2042287
4825340
4790350
9765711
4681356
8471038
3451368
2875582
8018404
2154308
7821937
5809189
8638762
2973363
8081130
3212039
1276699
8286415
9712474
8511467
3036997
833705
2952070
7677052
1983232
4581317
7615699
9890822
7505697
8952399
2179749
6259243
5363667
5572728
880440
5959798
1418944
1967051
4696743
6011007
1181451
7840883
1939866
3471767
9287309
2132048
2928359
3238444
6782507
7602311
5548252
8598667
709141
5749851
1732805
5179773
8851314
7628031
3385452
6077981
9096798
1998711
6813420
7051463
1801635
9696307
2817413
3935057
1073488
2996736
7924186
9097493
5724160
2274300
5756696
2261195
4848733
181061
7681499
3557105
1914460
1519753
3386565
1146707
2536024
5576262
650336
394796
7147601
8271713
649862
1524618
8506932
2908555
4185734
1197737
916265
5272799
2975398
9143504
2980444
5298081
8872622
8522819
641192
3871655
8290468
3188061
2246996
521875
6890349
6943979
4511032
6799783
2684318
1622221
2081261
8629228
4353868
3877274
1455639
3210764
5323741
7390547
9283235
2558605
667147
7575156
6913711
5414368
4354166
9430433
1566048
1010911
5850786
2624157
2643409
2232010
7874856
43075
7524745
1510725
5912000
9220469
6914894
3746537
5586159
1701445
3657829
2431220
8072205
9187479
8989412
3190158
7225290
2914746
4612584
6601442
3253568
3318403
8281023
5904570
4528713
8900920
8866418
1350889
3180463
8886377
2621643
8092302
2242523
1927808
2596004
3890114
5368925
7388575
2548904
5006156
2689752
737166
4426158
3039160
7846954
2729080
5506985
2500437
2440772
6843688
6549261
575865
9459967
738264
4765391
3139276
7767528
1797210
5645110
4692503
1832944
8750220
5311417
7408925
9945138
1071917
3099450
9521103
8614371
4393200
2911304
2792608
2441758
7773983
9864723
1924558
1995420
6687935
9227842
6229437
6359346
3709182
4336033
9142860
6759218
8651603
1876590
6042072
323170
9949489
9051824
6454357
5144534
1032675
4050522
560812
5963630
4546505
4821474
534809
7431005
5722648
7606895
8439425
7297287
5258882
5839143
7997241
3050012
7264619
4603362
7925992
3765470
3077640
4384649
6515384
8891429
6245789
3099038
2263094
1080437
3764177
9331408
9748508
5302661
577611
5404566
7520377
5128489
2475534
5391925
7398513
2851049
3841290
4632421
7560691
6571067
2002957
5621207
2779296
9457568
8896233
2097595
3102399
2239270
8006984
1822546
6489605
9582236
4337214
7813530
1012243
1743229
556620
2342969
6713757
8308553
9145708
2182463
5078426
7801461
5340640
9760695
2604805
5994527
238625
4286102
843341
7428624
7092534
7743073
1998714
5440142
5378018
6789468
4031112
5603676
16465
7749241
1591671
3518875
3744710
7129464
1594841
4321626
6034009
4239922
742084
69161
1140090
4219512
8689010
6055864
9920278
9391661
8385951
7635060
4054747
3797016
3358497
5737164
7488982
320845
498239
6744234
4321608
978124
9497949
844517
4812217
6761788
4621505
7473456
791633
2623946
9829121
271831
2828624
5888949
9618575
4908214
1270604
9672901
9572132
8569556
49716
4513627
8618502
7783756
7377147
381370
5747963
6985316
3581470
6148761
6925563
7082294
3832208
1673655
4831602
5306926
8970513
4476253
8129215
9071323
317352
4023099
5893608
9725340
5923655
5843858
1604122
5149217
4917551
614420
9153622
9342952
5721259
6833987
2888839
1477074
6432532
4123235
9191558
6445733
2585681
8005140
1466720
684971
6572651
2113079
4388185
1242723
6186607
9626711
8059611
4035962
3939346
9618711
185423
6944173
5171814
4140802
6432174
8708692
9279797
2877955
1293660
9524111
9564806
871865
4942598
6554091
1757813
8865543
1102598
9406556
2441129
6277033
1790632
5853509
4569398
404994
7136314
3773434
2215892
5995272
3959336
8412530
6985505
7096844
4981480
9514478
2656889
8225799
9054619
6858743
2792031
6778029
2525542
5079840
7754712
9661307
4054766
4699280
7671931
3771928
3579065
6423945
5410412
5226431
4560434
9318641
3205146
9002814
5686474
8620869
9839743
1815614
4198484
2845331
8691951
807177
2827263
7027413
7484619
771204
1663353
5117720
2481159
4727480
9144592
2305495
8210316
2270615
4862554
2316313
7356925
7966978
5321170
3302244
5367164
3346271
4704092
4266077
5695185
3679065
5073081
3360327
8150675
5839569
7454186
1847690
9694530
2985804
8269462
1362111
8671161
3524593
3450791
3120065
2272097
1755448
6794551
4306280
9847380
4903348
9911505
8681740
2258311
1180267
4025427
6468711
5044124
2415302
4294823
817026
1825095
4152538
4314316
2491608
9224367
4675835
2677310
480795
7394896
5032045
2954563
7531824
9668871
2006611
5921633
9349452
8007358
2859964
2158668
6513948
8907429
3572121
3280081
9012722
2334413
193241
9649780
1017953
3457089
2068988
5535086
9874687
2420204
7105931
6176545
5688887
730913
2376275
210508
5623855
7989644
5017869
4099950
2224818
107416
1654219
947182
5323967
4563033
5439576
8137548
6816924
2424085
9980593
5756673
9796157
5850937
8099796
3323843
724736
5153263
366925
9178267
4422149
9696273
4841382
6798431
4692149
6126566
5502365
3432458
4796114
2754217
8175983
7721317
8041130
8635455
7622254
8837103
386904
1929080
9764573
7618875
5019915
8624417
3896276
2435765
5247040
4691572
1777990
3775109
7034898
6122660
2113009
1985764
185676
2882869
7968468
817263
4381622
7788277
3170235
1259367
946737
6129122
8452608
9899663
4499387
4797754
8990957
3891945
1525846
1135509
7465708
3874277
2815939
5499003
6566608
4812192
1318683
9256281
7860417
9192849
2676225
6013899
6368761
8245205
6732077
6559968
9827
1086607
6407677
8753885
8697823
1559949
7821642
2692115
2120772
7212806
1943925
8192148
9937178
9944424
9145824
1716118
1804866
7991661
20298
773193
2891219
1072754
3609084
6237822
3159581
4908676
3897100
2855801
4895696
4195555
2899177
3958310
8812704
9795184
437147
2401467
4818190
6495273
9161938
3667320
8745243
4776742
6135876
8999093
1812532
5123232
2544411
6122129
7547243
3150451
2205789
82971
2801829
9896676
9987693
3190394
9526803
3941531
5295842
8198180
3983986
104503
2996894
615466
2896667
5618164
5410517
4390077
9993416
9116936
845115
8305962
1763831
2204062
7393110
2859185
3984960
4333673
7828039
9716394
1497115
7143845
3251961
3426511
5341592
4008753
7619854
1668074
9804500
3036608
2553986
2499619
2041567
6901288
4768181
1095471
6872606
7001304
5067694
5099104
337728
1932549
4492025
2395767
4455605
3688045
4787132
7653440
5680447
7440752
5982114
7495189
4370284
4166038
2457034
3669670
439183
6574814
8547225
1463828
7581379
643987
6871427
7300814
1415905
1608837
7396745
386422
4671810
7146978
123009
4329013
7314836
1862260
7736896
8465682
8350359
4054616
3734582
1642355
845848
1950360
7368052
7100620
5351109
4108838
2743164
9707351
6149228
2159865
8984487
6020213
8607058
2757009
9047267
9264791
5101175
1804748
4865789
8964670
1739329
7792951
3002266
7532411
9926168
4782986
9705492
4223836
5512119
1942982
4832213
1486740
8671690
669068
3442211
6567231
767972
7302539
69286
9506650
649042
9797469
7401577
188114
647378
897807
689317
5410905
5398941
9863625
5248738
4457512
8721785
2349313
5480111
9619079
1153850
9409377
4869401
6088329
4482684
7499237
6846209
2106764
8383561
1611523
270565
9771671
7137750
4013088
8382082
8371934
374769
1187882
9375957
3623373
590909
1038430
1262379
3671217
6940619
7066331
7652265
2929454
3202003
5375709
5223707
7538214
2521637
8511957
8724737
9137751
3124320
7234534
8271268
9534525
5370160
5437595
405728
8150874
9088466
8659661
247292
963171
3595213
4685252
183835
8423326
978179
8503626
1427139
9006417
8674235
6752951
5191727
9226004
7730813
1732917
505110
2341370
6323012
5687194
69343
5308713
54313
5704051
9373445
3597649
1258249
2893860
8250719
5205246
3916308
659393
5449497
4793828
8347447
2642483
3107608
1075429
1516740
6885073
159890
1266751
6686345
3392877
8184925
3980497
1260701
2604895
4637666
8474514
8310928
3492889
7857486
3582790
6964369
9404898
1476973
1667571
599895
8960555
9728258
23483
2562364
7620137
4318888
5704383
8153809
6717345
6399740
8144271
3904190
4392153
9833513
4634017
8590160
4561759
2783549
3075951
3693772
743340
6939123
9425244
9366720
7021268
1182703
9001437
2521092
5759632
8641563
2095960
3656665
1009994
6426074
1061593
4205200
1030724
6402498
4313871
3670878
6393342
4386104
7144633
2153438
8694176
6756483
8371597
9802648
1588691
5779921
8494365
3566142
8325027
687755
1617038
3315672
5719089
7939129
8974570
341383
1358153
4354220
5497089
6169611
7039331
204929
7266344
6355672
529289
4608342
6338913
4951304
5116986
8773852
4888061
870907
1486628
3364748
7226723
1516933
1497606
3403092
9857206
8187350
5422010
3626726
9998811
2452193
8938912
2532071
5155919
3814
6826765
2647361
9001632
5727751
8402508
9344203
4485191
6840696
23606
2299555
4959469
7537218
1772325
3238595
7072911
685516
3598471
5198560
6187958
9251659
3969739
2770850
2178161
8987934
4669213
586967
1674088
9068752
2784585
7635877
970072
5081682
8001629
9328270
7187294
8519846
5799406
7171187
8732896
7883420
4991420
2836333
7553591
8076797
3104839
3255614
6960574
1358614
9694396
1817904
7367743
2694585
2173575
8348996
4012992
3171392
1146732
3367811
3619929
1604793
5010128
2657336
7072109
5279641
6812450
1520127
6684344
2799988
3068496
1289404
9339928
1477622
5568778
3243557
500430
2754493
2500511
6113507
9374060
5134339
6371667
1119764
1512144
8595941
6100575
2908727
5978911
3276646
6294610
7445663
6917729
455106
1965326
891359
8674098
5878856
8742567
6619186
496878
5904472
337649
9254245
1953985
7245803
9147731
8620356
4495652
2176873
4410011
7225675
6972853
9368718
9392828
2576578
6418035
1765935
2771398
7082442
1098365
8464488
7594593
3159756
9404329
7638471
1580977
4787386
1900449
9838084
6243105
1147533
6170528
3939457
8712498
4152485
2713213
9132493
7213932
5520540
1727156
9580206
3263753
1061781
2738954
3063209
8663916
1560401
4564491
8885923
302359
120594
723392
1614121
1990268
5452804
6576721
2470044
4593928
8015154
7064493
270827
8630318
6190529
3024928
4582945
3097613
7568657
5061542
165800
1994246
9315809
989944
4397402
3422991
2462512
789372
4031448
9575070
8803435
2425687
7233647
3302010
9117850
9122962
5441326
4686902
2361302
9181895
9423355
2829697
9577183
5676225
5141418
101944
787223
958938
5388987
9479873
6820007
9283817
999791
1280274
501185
9040845
2207684
1679149
7936576
8367542
5439690
380108
5797770
7629753
9289685
3647418
5956125
3980879
2332923
5525232
6691922
5204353
5945874
7201866
6526929
5603866
8523718
5290540
6973599
5016312
7779462
3147451
6704413
3729685
4410961
6007566
8645492
8215204
4296063
9735376
5255481
5179163
6981010
676689
5381162
9038301
4258578
2532565
7154481
8775388
9375566
6139653
8726705
1634960
7647644
6324346
8511353
17330
594572
2949639
9653260
2506836
7054488
3700913
4656714
9280889
8801445
5265908
4711429
606151
492121
9078601
4527877
8738345
9673665
692970
7954147
2485931
1485479
6434991
9235053
9334170
9237119
4589925
3620009
3003276
231316
4310224
4639429
112528
4225754
2181571
6873503
4324248
7896742
9458388
4281162
8668088
9512286
989422
8819859
5817275
3432113
2142177
489798
1201641
7465373
226510
4208999
9806284
2177822
5450823
9325781
5884312
8693082
8598548
7329341
9791680
4623124
7319196
6705807
2219547
7701546
8202236
5416540
5780750
4618304
7929034
3396859
1432782
2355652
8264218
4383076
7837370
5383114
9514749
3313914
5438363
3673317
3034640
7827113
6549744
8219783
9655606
7766327
6410315
2461613
8812810
8650389
257888
4286933
4245524
1908970
8448329
5884215
2360646
7785394
749486
3468002
9257926
1190373
9889384
7035379
6921962
672174
226740
4182656
4558094
9981955
4330534
2323338
1852553
8136516
4787400
2768692
9375069
7133714
3779131
9493574
7325737
7907863
9472790
555764
993192
225249
4757112
2114212
1409629
6053036
2441397
7286794
684896
2641005
5728806
2485828
3230974
4807134
5493744
9761893
6401072
1044053
6914648
5356556
8776222
2880702
8298286
7298743
2183475
5730166
639372
3882569
1174577
5871880
9565893
6002921
7027302
2718434
8630665
7196592
4571721
6847993
3562341
9428111
5451772
7816582
7198980
1611326
2873242
87201
8962217
9332416
715003
5087704
3825353
7115859
79944
5772415
6821349
2591604
4608586
3719641
360161
8122990
1191386
2671449
7315150
6971069
5792975
9178883
3499912
4727734
2057042
8874407
5247419
5423692
7254318
2184264
7256885
2180586
9180347
3042234
3445376
7658672
4478363
6249943
4655677
5007702
1136895
1341113
3644043
4690764
283939
4343407
2295878
8994671
4182615
5663944
6098588
2111627
3244926
9257682
3531056
3307392
7219119
5603282
7748615
3047655
7149203
9813354
2326175
89495
9823851
5347364
8381939
4481169
5110506
1252657
9429142
2282403
3250757
1361494
4621492
4845226
9689412
3511747
9929112
326321
9184683
914947
2602230
4125127
7047901
2607563
8167410
5772442
5144206
1975162
7225955
3164972
6687027
3140723
9130290
2721443
2033021
2723430
3449339
1369605
9709469
140402
9336828
3104484
2777382
5858490
173628
1478495
2504604
3550003
4981495
2063350
8518305
9942465
2291437
3297333
3722807
5443529
4789145
6677640
5495380
2539936
1502972
9236354
9457378
7414177
5528719
9708308
6317769
7009721
5298471
7762618
4744864
5882074
3148210
4143168
5067306
1112895
3616070
332810
1657516
94828
7069199
5934204
2803507
2386579
9007936
1511865
8936507
9801852
2423939
5049093
4492495
9119795
413478
7736643
1461860
3024237
8102933
4584594
4087751
6282882
6141525
5383667
5919409
9710918
7489488
2968800
196793
5562624
3651902
8079784
4831890
5546477
6996401
7113212
6021410
8280562
6792343
323962
5565772
5190622
4413636
2323763
7132546
5235657
3198685
3287046
9333062
2814514
8648649
803324
1676287
5417107
2192931
2380928
6055193
3421658
8974980
4051886
7046341
2782981
4537837
4901896
3311738
5434539
2195881
316990
5296435
125458
570547
7474920
8166076
6207094
3701989
4708737
51549
7612588
9606796
3446174
3338498
4507030
6865484
1920081
3450472
776577
2880915
7671732
3801289
2810653
3797165
7912344
4981818
1165832
124439
8432763
5065770
8285952
1535026
6234474
5670895
1971454
5998046
6248860
9752544
3370871
1092766
2633289
8024352
3172596
193023
2265191
5735567
4428322
3688129
5465736
6587927
3306118
7711355
9326028
4810209
8618247
9298903
7484073
9574609
2297674
8831918
1234919
7018449
5740001
9939061
2160977
4977119
9814921
3501084
2904984
1924751
698461
9024950
4620692
2159777
9787218
7283180
2907016
9431497
6250040
2298467
6120024
444873
7567644
1135334
7627803
8803873
528105
5205127
5586666
3171292
337837
7683453
3922713
6227343
9426790
6150704
3467384
8977586
6041705
5461408
2256418
2442936
299511
3544222
8059185
2250073
7872511
8922532
3143762
9033761
4062670
3958548
9297088
931462
2429441
9678087
7673441
7718065
482256
7861853
1089440
4427601
8496702
9847352
6224361
6290732
4831502
3510926
4987036
9692224
2555505
7884697
1611398
6693810
5464482
6773042
8435701
1152249
2819178
7774554
2083843
9775111
7030332
4807820
9279875
439028
1615154
1150558
9236168
1721498
5555193
4528525
2798867
8512567
249200
9229546
2506214
2775760
9183897
1137883
4227014
5269828
4690650
6072783
5957931
1323862
135067
1563801
9376101
6872439
6558557
9141783
8636852
4155450
9962689
2720910
3429415
2745942
5970180
6968706
2819590
1432272
1275810
5409308
9837511
7137114
451110
2065663
627083
3998689
4082012
2664955
8876656
1089165
7472911
801049
2270508
2120881
1404022
3717606
4616812
1391662
4989474
7298231
9187148
7347135
973088
4893569
8318933
9095157
297273
9070697
6439381
8022742
5254315
8540498
556837
901367
473375
4338075
4867499
1979960
851185
4724221
8699948
4190131
2715465
8427863
6400955
4615274
3716877
2063887
1629337
1961480
2139247
9603210
402726
7356581
3821204
3216573
2918314
8985606
3350666
6243673
2057227
9614992
1952181
2051018
4070049
5237451
9311506
5934328
841127
823080
4472873
9734402
4657021
9119939
8275802
4706502
2682522
914679
2884320
8536019
2502528
5843951
9604609
9636763
3130879
3884738
9349104
7194915
914403
6744371
5001320
288116
8520036
2920338
1835954
1616185
2591430
8978875
203783
2343643
4467314
6415327
4771227
6420517
1885906
916282
2492134
1338965
1250811
6061720
878974
5655911
3559635
7994356
512171
983850
4246809
954616
4081873
9992
3501276
8504270
6725680
4875077
7241060
8329698
9796033
2388563
3686113
4776431
1905309
456985
9255219
8533804
1761244
3318756
5985691
4896423
537406
8081698
2479592
8546107
8005255
4996632
3337689
8267070
7346358
2512953
3416291
2481566
1957411
3969258
9428274
4496584
1530922
4635543
8917026
6090746
4371924
1813650
1032321
4635577
8001672
1647012
6595267
3922984
1036451
4772282
7883251
8658000
8167419
9098871
6638557
4762546
6477690
9369644
9186343
2323924
1666315
9658448
5552
8255549
5687068
6740292
9962102
9648803
8558167
3730473
2599887
8237179
2020662
112729
2004397
403786
3939446
2399888
2806836
2486556
6822693
4916948
9750867
714207
6963395
3326016
7705407
5178838
1837946
7638603
2616356
2718440
5159479
1634953
2180752
4909226
1087699
4492304
547853
5088638
9947084
94633
3991050
952069
8843883
9385181
463985
5659104
2461476
1316035
3644612
6615712
9172451
8974463
2568418
9799135
6424650
2565381
6607879
9611172
5472443
132223
9339815
427926
4655855
7694307
4018410
9498847
3703763
1944002
3176087
5286589
5410109
2300447
864300
7221292
9264788
6980441
242390
9975424
9153497
5692033
7991543
3460189
3986632
6356185
9510530
8864876
5433232
7276042
6648819
8495942
4064998
6641271
1112689
682790
5282309
3250569
2332616
1124740
9490556
3440270
9714164
1467034
9978964
9959357
9976584
5512165
5188856
5983757
2469404
8603322
2617952
8091300
945854
5446341
9857151
2838208
17699
7376403
6260244
2963064
4016867
9742130
5956901
7759427
6463322
4914924
9720398
8437920
624361
3565720
3666136
691882
7958040
5660815
2134502
4750891
5250934
4362614
6358347
3691868
7106146
8620300
1533142
8918527
8933334
1824025
153554
9951782
3355330
1365765
5557941
734787
6960795
8655569
8792926
5640276
7560368
672821
2550475
1511545
7757838
4985943
9035631
3881164
891585
5034139
699954
2078370
2557871
3704497
2867753
5116966
8309489
2389553
9894883
947623
1181370
7141937
6216770
2814412
7516586
4278962
4229493
5863817
2586814
8970337
4469305
7610436
59367
6795595
9308966
8581549
6870602
1787782
8621088
1057152
466110
9138147
6849139
1022411
851980
2664634
2858735
6731077
8495372
4463032
4928927
4297519
3318682
7073950
5861465
1921635
9290363
1861878
8815278
5348222
9645849
2701572
1704670
4589742
6515489
6217204
466948
7809118
7311398
5558671
9806778
2130357
3956793
3112563
7185903
9208482
473045
1511847
5982049
7468218
5215774
2975390
9106965
8393763
6935724
3274282
5544980
3544477
8597834
3967421
4223085
7690975
2076550
718124
7776180
3450010
9391211
681733
9540954
4896877
3184793
9978073
4209035
1981293
286465
232627
3415499
2136674
6490337
9271241
9414946
3027958
9924652
8482765
3951158
9446126
3915152
1870624
5456948
3858057
9907981
3448909
540874
661689
3541206
3261551
6051299
2546126
2555425
9798344
25199
933867
2887632
2573963
3233665
7652227
1443302
9198541
2893563
2558239
4796034
4416903
2548792
1221570
9263476
8876459
1720496
962196
8558569
9731428
957515
5059590
7262420
8232312
3136070
3047695
9248772
2877694
5222110
4633989
5803657
6122100
7781833
6208374
5717938
1981526
6533688
1154721
216722
4962430
8885337
3790730
3807861
4550996
698301
5021238
8171155
3389993
2140326
4450626
5989013
5589936
3129309
7790797
1153289
6496256
952217
4781249
6877855
1415940
9209802
6874687
5181173
6273744
245445
4698171
3476204
466263
5423571
3772278
1091787
1250588
2498094
9976460
1085796
9999361
3567083
7382929
9786118
5369602
5077628
981644
3524875
3845547
7061131
1922650
981711
2945379
7196105
7048963
2349204
9842155
7681998
3616459
2528570
134976
8971398
5947608
3231814
5849434
4010319
6889707
6666198
1461888
4359693
7290363
9543700
2802343
8999669
3442329
6090334
8489025
3851260
9259392
3196842
626581
5748100
6640960
9405221
7782044
7369334
1960276
6763335
8162948
3979055
7423675
378420
8419854
3843618
862962
1519355
7020702
9805261
5571598
9504969
9046869
9339673
8312909
8474568
3687212
9963159
7208890
3237850
143724
9842968
4859407
7064729
9950565
3285418
8277478
8574150
6434877
4994614
6499350
9707111
9905342
799664
5672614
7557947
5289360
3916738
4485246
8423936
7583567
5313882
3900669
2629422
6133861
9317177
3373959
1403805
8570982
299533
5145234
9797441
7336023
3771455
6968268
99955
1865619
9485450
9900850
1848143
2796134
1224420
5290089
7216174
7015659
5560788
3981816
3949682
9930255
663611
1097285
6609235
7411302
3751320
8885888
5586764
3850423
8920291
2818402
2641376
8716027
6846908
4438287
6360604
3359528
3034740
588523
1882206
7692922
7645022
6244818
1982066
4684579
1549662
770113
6027997
3443476
8778725
6327581
8560053
8352272
5068199
2315987
6786268
2744008
9478289
6424549
3684734
3903118
6386894
8178120
7342815
9569708
9564510
858129
2658950
4013904
8475238
2396408
3360276
8584394
481409
2417256
8226548
6946866
2354245
5253701
3028213
1129871
6834026
5778869
1620477
3095788
2356975
4872772
6053153
5937908
6053405
4945294
6268896
2124598
8845265
2372807
4900280
6088264
7467743
2620586
304624
4060089
9256206
2309255
3523351
449315
7404993
1036093
6556617
4483152
383745
7327848
3618123
8860092
8933212
1387158
2096773
4197845
9615097
5544759
3951723
6444332
4332274
2459559
6387367
842089
3927753
2559451
5447936
4565978
8953694
1135184
1549355
3263191
4099913
4253288
7997139
4476383
4104085
1060551
2105491
3513185
4697776
2044027
4050125
574831
5206957
6548635
1754636
3050183
6044714
8799198
6370083
4014189
4763385
7108055
5046863
4632196
4133569
6942536
9575539
7170352
5463944
7706083
2713148
3614316
3533182
2139571
4303054
8282429
4455661
9966234
1522603
257920
676309
3923606
1343664
150874
4295532
5642753
8862485
3759441
1075776
4333466
344872
4651568
9107365
6419928
7034950
9198324
414084
5057173
2396556
9362732
362068
2201407
8871317
8198023
9842552
3520910
489894
1201653
9063272
8103276
2095101
1969174
2724864
3035160
8487664
2973911
3912903
4882441
7260207
5786731
5907339
2110687
5038824
786221
3421145
5228344
2609735
6896283
2850904
5898188
7799388
1838460
7764715
2155550
7570382
9037879
7706831
6822150
6343112
860788
4071245
5703160
5152790
7983955
2366634
1225532
7604215
5744572
8102534
8988211
4456758
4748665
2536202
8028546
987469
8933357
1060225
3016007
8978117
2980798
3488339
7113901
6006568
9359606
4179118
5818388
9572181
9419087
6589513
3613631
5600778
4625885
5423132
3423046
5583820
4610376
453046
9580579
3509362
2459774
962577
2145704
2748873
1243111
531028
1098089
6037523
1120485
107278
5751557
7512389
9518125
6810938
5342934
6471188
9828127
2925617
5229163
1881490
4135412
6102628
7418580
4044205
6235124
8636188
9911780
5734251
4655645
2223890
4584804
797599
6555575
3572032
3683645
737960
9478386
8627326
9399716
8873040
2618640
976614
3099101
4604757
6077006
9602
1852367
2905624
759675
943445
2992855
2303953
3259811
4556684
5169190
1742904
9324214
722997
7816574
6371752
8534058
4557052
6413258
3675496
6429788
6397038
773473
3259001
8694039
3967506
193540
6301359
3491437
9498779
3415692
3421581
3634384
864100
6430166
2105965
1116754
1894347
3440432
8093811
4133439
4123977
1670020
6636224
2740314
2725948
2230934
7825156
2812622
7702564
6267189
6013638
5778200
4410398
5067559
3893602
1861482
1000393
9495543
7438871
2612927
7851105
2702950
1403166
5043714
1851654
5783349
5124465
1919095
2638728
2000238
1572540
7473106
2807818
1806895
993214
483148
6047417
2629331
9987891
6215332
1249330
787584
2986883
2494018
9168223
6782290
4067728
3879123
750282
8668213
4645799
2607264
5011395
3188820
7315362
4955320
9054272
6706240
4839625
4635426
1572089
1203766
1601125
2779565
3985729
2250300
2657432
4682111
9328239
8024949
2962913
606053
733348
6860340
7377042
659527
2352370
3465667
7478388
1025845
9816558
2512811
5675786
9716227
6498672
3433100
1150735
1668158
7815772
8858521
5758990
9715223
5660345
9985602
3736352
2079488
5941413
2087192
1076732
899306
8297609
7714549
3689290
770715
2773279
9807744
7922942
7044168
7416997
9184101
8861730
4030307
9054909
8462243
4804661
5620242
8023853
4866470
1273694
6555535
9635038
9575138
1453227
9747661
3313921
7481480
3846251
2961048
24503
3270034
6906430
4497268
4099558
4435929
1082337
1392740
9843375
9447986
31658
5225582
6779827
5791829
1373373
3345413
8362050
3189454
112403
2367166
7990496
8017654
2091851
2268056
7794048
8221450
7312580
3097085
6949964
3223934
2144747
5476989
9594688
5398957
3630541
7748639
5014039
2016250
5821291
354960
8004054
4960559
8537118
4761037
4529411
7737819
9019121
5106724
5751120
8086918
8826804
8537313
1539662
6486095
4950418
3736437
3957384
8472662
2891021
4560153
8561894
6725455
4176201
5775273
2554124
8235632
4663134
8311177
8897863
8730043
2664889
1794233
7201743
8121224
282524
8362562
7458859
4819070
5146759
5295456
3749401
1466487
7853182
8480349
3480744
5140742
1782303
8181086
4452644
5959171
8440626
6829479
8274164
305060
5244250
3719084
9073094
7445689
6288472
4294696
9543866
8825897
9343328
7467628
6110345
6189226
3695765
2451832
7213930
6428347
2310407
464080
4659900
648250
838020
322835
8945707
2415183
3514498
9971182
8124306
280903
1700164
2498336
1617995
9990338
5016515
926024
4258413
7736323
2490103
3825438
4648753
9934370
2665557
8229943
6825837
7249539
4555026
6607566
7842921
5655036
8002310
6243315
2550521
5479287
2770687
1391308
3559907
8477440
9267177
4706262
3044219
6172381
3898948
1746368
7986040
8802762
9580726
3886361
2847106
7573898
3482445
2873016
3455273
5218408
3619523
195731
1169533
8562434
2868750
2930613
9421416
9353865
9219834
3852833
9368912
6143080
1326538
886578
9222148
7783639
2594814
4404943
7283224
8807259
5957593
4272855
1958033
8218918
199787
6245792
7043063
7002081
3765519
5309421
3566147
7684718
1608277
1420973
7382954
8744640
3809508
3849700
7974890
4747579
3788700
7031147
2128565
68891
4694265
2582685
1156868
473439
1309003
4912590
4775620
9472371
4226773
9254699
3332537
2309077
70531
8726696
4500922
3241381
4047164
4850422
4937430
269355
7844031
7929119
8431385
4376821
1497430
7013422
9856279
6635208
9108988
7922594
4421467
8063637
6926459
5487126
9185197
9102708
558493
5032947
1581795
5768546
236359
3630857
8947235
9993698
3666619
6973699
5238343
1432269
7219146
2183014
2183444
3991561
9577363
363764
7034995
3697288
1317515
1353912
7854771
5636388
7292195
8415771
4457467
3027910
8204220
6546709
3723686
5924501
6508271
9763354
1487594
7320211
6606066
7085705
5535232
6020923
5870016
5460291
2910076
9187802
5741730
9078658
5910574
5573440
5892641
43676
1428130
2686188
1072163
8946828
7480452
7242162
6179502
3629139
1709311
7471292
6144367
8870516
345546
5084086
4509520
2480476
9506953
7589197
149331
7250729
7537873
1079897
4898155
4696864
673330
3881577
5684051
158813
7617221
5600692
9743301
8970213
526434
4314775
6882758
4465658
8205476
7069753
2142009
6138574
5740716
1669200
6028498
4529305
4166381
8351479
3015137
9558962
9187464
4286972
78319
7476548
3774872
3838964
4790151
807132
741848
4863520
9893789
1287615
2834235
5210683
4292658
7007613
6166413
1339417
6973105
2969695
3332988
1684110
668927
5455506
7030418
7593929
2798472
2233086
3057885
9524203
1384161
6836627
557441
399729
2892345
5590220
2690765
2535656
4914683
5496167
2688536
6339304
5557272
9953964
7214664
9815967
9923807
1059236
5935742
8582851
6882736
3559449
1962451
368844
7167530
7716822
8725243
9766949
2080747
575470
6377560
2131439
1101837
6003855
3746764
9367805
6238886
6900083
8594958
2900424
6993850
523102
9880898
2811780
953419
7313037
4111396
5698820
7884975
7057481
9821367
6610121
9859720
2332896
7940768
6212872
4748895
8940933
9800966
8824417
6354313
2858028
4791786
5248888
8157574
9362583
2819502
4469126
8698270
6730985
4119526
1825249
3098508
2478797
4457590
2584108
5386552
5048634
9319351
9584408
123978
9298137
6624093
4439913
3457423
5775789
9748981
8698723
4110030
5212303
6721844
469628
3279575
7409657
582639
4234928
3964032
1936263
9595287
8536260
332416
4748029
6287365
7882387
3360398
1495544
6817939
4878742
1137274
3507673
4180022
3887764
5205843
9247102
1631497
8517855
7590485
8821632
7811745
3147539
2832170
3536147
6293932
6601272
4203102
2762674
9843670
6639009
5899783
6429376
707580
6730496
7788977
3147798
8640356
8871350
5816572
3794913
9845673
7455014
3553368
9573568
3742956
3297410
7122450
9771005
5262335
7169943
3532966
1890818
5767474
5644196
7069541
2123068
886792
9097619
8142512
2946797
349466
2149098
2895142
1222949
823416
2932824
5939450
7397829
6066957
337361
8423067
1508914
3401725
3656670
7086477
1216441
3196375
1133797
4048501
7822305
3011735
2041758
8390038
5918603
1362096
5242309
6775638
2792192
9774260
7166849
2628046
5066617
5070326
4951689
677461
7505889
4317654
940903
5549674
1667838
6163744
3871159
7092695
331566
3480128
1219262
3770017
5308844
2172396
5244656
6155003
2232080
4002048
6831337
7909942
6275609
5217390
272813
2288281
1313454
1747350
8693974
4332711
6466762
5762377
8475082
453499
9836860
4277831
2178955
2351581
5712922
6141634
2932010
3701260
8021158
478742
894780
6094761
649639
8818726
291420
522768
2603408
2333593
1488395
991243
8519966
2219372
4133231
2380437
9817634
2848643
5189810
9612870
2445357
2073701
716851
1817904
809706
1081854
4880654
9480880
4354701
5829066
9104773
3652810
768812
2275967
3811044
9830757
4474608
8111350
1989142
7572443
1484055
9620878
1441831
8380317
2712004
9827887
6764529
4636994
1547192
96653
4521343
7152465
6308292
9413900
6055555
9292401
6152959
9208939
1741365
5795979
3482593
1288037
30190
8501848
6345376
4179002
5623241
5325814
2025150
2535596
1536088
809748
7567952
7662235
7985130
1587162
5904864
5909383
7472944
8272766
6219941
1851130
269246
1263606
114682
8389869
7975965
9155096
3173200
5645417
7022409
5620217
2022970
4003471
3955757
5389767
97905
3771303
4332059
4929605
9202637
6362700
3014745
9118941
6484441
7184331
9439607
3855148
7943080
9548312
2628911
229820
7912331
425956
178799
8373264
9663294
9578811
4772935
9728922
8563800
8308653
1443305
14431
2685524
2986707
2691398
6276421
7873913
5075740
7761296
4786790
72273
5399269
8803776
1597984
9627092
3249710
593336
1965935
2211107
9503625
9578253
3357391
5089861
6591006
1868583
2144297
7603496
3394097
5524353
7845410
5888027
5900855
7708932
9085550
1531047
2681858
2576060
3369115
3724042
8040144
8214910
3709121
3990544
8374744
4412678
8145817
9315603
6926293
9907681
5373927
4951624
5220727
7717951
8960828
9873801
9489596
1969677
1732875
7539755
8213017
1221488
1276312
6341434
806094
9409227
7050880
2495722
5427593
6551453
5422617
3421392
1087476
5316544
6416558
901366
8562045
5277179
1243431
6807247
8128570
3930861
7645660
8838621
6105337
9389132
1361347
767077
258414
7067164
6579868
8548129
9618911
7659189
4366202
8779220
3288102
1549641
8683251
284985
1965751
7723675
9547978
2393384
9153362
802565
5169380
6062156
333299
7880524
147511
2584585
1566541
6117462
4210807
1607423
2012160
6314747
5341248
7153795
1938068
437966
8317106
3731773
3267447
9648981
6198446
9389262
2939298
3006438
855572
4338633
8311667
2354756
4688000
8022633
4759625
1584235
6234940
6235700
9138844
520447
4456052
8545926
4547739
4159760
5120460
1835492
1600930
5195203
746464
2584314
462122
655528
3558471
5784334
6623323
5163618
1124080
3590658
1660123
9716723
9881702
276691
9875718
6649922
7239860
1793710
7657563
5501013
6028765
5491796
7131353
1706337
1592193
3755396
8029896
3717310
2174414
4411370
2947286
2827135
9530348
4171051
1972623
7603485
6494437
6169193
7353452
3005348
6433146
1663405
4383898
5556650
3412746
7513338
4656169
3204330
9003677
5436485
4195283
3888098
6391507
8675007
3381265
9119579
5725177
3113668
4917588
615887
5557811
5949948
1052783
4666476
2456952
6833812
9235599
621611
2371447
947949
5300102
8656669
59028
8281465
479065
169523
9626999
9820856
9002361
6084120
5206507
1431245
2487894
2161462
8665208
5822858
2597448
8132923
9705194
6756853
2885651
9014284
7219159
9508575
821239
6155526
9871970
423337
9773965
2118108
1340798
7429191
443993
8299774
4393517
967002
9047573
3198743
3004618
9976111
1137206
7165822
3769808
6521128
8394204
8542917
3171363
4020593
4382376
4792071
8249992
5078414
80809
1137336
202426
1256686
8447112
6389735
8929310
4590346
2454904
1206578
5715941
3416274
2798815
3154748
1926311
612364
2033322
474271
2893833
6510687
1622998
7862671
4380346
4719051
4142096
1383626
3229530
9224364
4418703
3775872
7284702
8687231
6203001
610982
8247142
4360741
8542203
6620215
6333666
9134734
5192688
4852394
107996
9870725
5284402
9025919
8694561
6873672
7649361
4854941
8367797
1618900
1586549
8237809
8847030
519160
785493
7329984
2363124
3901087
9881964
546744
4239353
7207435
5999295
6202748
7521864
7567490
190769
8121638
3954092
4631058
346267
3846485
1148963
2109549
3549802
8267355
6503075
3165902
196145
9253833
1156910
2868756
3980278
5727267
9612636
391213
7582563
3091570
8841313
6027073
6476809
7116933
7281357
7107099
6925923
5421912
5393104
6816641
8649756
1655011
3079128
1989010
3482787
6288530
2265329
5192745
9176091
5486736
1735784
5912728
5065828
1760036
447997
4500603
3972606
962975
4748719
1260733
5283857
4954588
8153522
4520169
4874508
4657680
9698828
5458898
6527114
9514326
4108321
340285
8837568
7077654
4051625
8864008
4495728
5726016
9752450
6439511
9864978
9374851
8328764
7886174
8520
4721103
7228749
8413911
1298423
8638917
4954799
3774139
8629143
6435353
9487063
8632578
9785361
9488120
8402337
8327974
6470409
2087969
5880138
8727129
4274291
9479903
6438072
1884468
9723169
1583340
5239998
6636758
8362170
9986581
9972342
1671357
7312030
9857929
2836173
4118372
2585207
5670968
453113
4004540
7262839
5227383
8237191
723432
2776045
465424
5024601
4733151
5788936
9211483
3702326
1663572
9481091
6730259
470055
3922217
8822359
3845684
3314782
7981775
1197973
3537833
5291836
8174396
93499
1856187
9716744
5376679
749841
6894772
567945
3362122
1004648
3822325
8241177
3443891
524638
8715725
6794953
626245
1461543
6527179
4562837
8040714
8296720
5346986
2023211
6248318
5210449
3158483
4186736
9405201
1854218
9550518
2874204
209374
2837493
5882570
3688235
4205532
2880299
6874401
6893218
34857
2700716
5496779
3793734
8825005
462521
6637254
8184414
8573827
6680452
166954
8582254
3835558
6606550
6158297
2904781
3273024
666793
4887571
5849391
3395675
9146566
4201507
2233898
6905565
3680182
8609877
5595584
9454162
4758274
5671690
3201467
6862713
9214823
1413502
3393640
3756620
5380583
2204804
1557523
4962186
1244648
22812
9230723
2289468
8257711
5019473
9610488
6343242
9794931
7964294
4409036
6942914
8842995
3818771
7405301
7882239
6252540
1131060
1788189
6332234
202664
8318064
4898048
5832456
2408359
823130
7981240
7226141
9630300
2151860
2014388
5306425
4852903
2433538
7405128
3466900
1372405
3641308
593887
5593389
245008
5862908
8051827
4419450
3687743
7800253
4245963
4688451
9770591
8729949
5976319
7955811
8804040
6304432
9553845
926480
8554412
9111853
4448636
6528180
9220953
748176
3132447
9971533
3554258
1749022
685761
7788603
7782761
7827531
9625429
352228
6380468
9582248
2942309
7240707
9399686
597475
7613312
941717
8799993
6297122
6883850
8022563
6780681
6135198
8311
8467257
5526032
5809215
7432802
5421131
7497414
2946342
3256515
3760939
3958861
9626299
4524397
8285803
6584153
87784
4933010
7008355
3127208
35241
2703628
2402733
6043851
4175652
6115330
6427372
4729729
8430264
6248421
457884
6003292
6574596
4278430
7758454
1923133
2564333
8252245
5992809
2800113
4313272
423172
8476486
2978635
8106424
8999152
8348305
5211701
6362487
854830
1330681
558087
3145082
1297857
5432464
6954773
9402244
5918733
3588425
7049237
9323123
8452347
9459194
2184233
8018076
4059577
8117086
6762556
5161161
4069213
7970954
7404351
3682144
3317552
6915533
5364202
7139770
2798460
9699227
3782300
5539287
4248591
1796265
14345
915848
1882484
9484641
143570
6965859
5700185
1424371
6270106
2471698
4279216
9328815
4525968
2347447
7229496
5464724
1752278
1902701
2159606
1083492
141093
9664601
706713
3724736
8406372
2752828
9316302
2903107
3246132
1475286
9829090
821437
7435766
2148788
4716110
1747252
970564
1424363
6511572
5500770
601012
8226360
8996370
3378141
6011021
7621728
1876057
1130399
6185627
2787907
5348025
2032214
2346745
5833160
1966354
3010080
9738167
3591137
1955088
2157445
2359600
3961480
7136578
5422836
4120177
9964549
1942933
1219537
1150980
8604067
609579
7905152
704702
7741604
8548758
6226437
7501415
7308566
4328143
5552701
3394506
8519633
3983317
8559243
8247563
5720858
6944259
2939928
3226110
9451626
9002430
4776001
8596846
1045982
7645102
7860689
3909877
8999746
6416254
2292886
1656782
9059994
9872960
9192326
3483831
958254
2114510
4834394
4172366
9125432
2624226
3433862
8468160
5709970
6205349
6427605
8472175
7379936
4809479
9383482
4693617
5911906
4425033
4467789
986128
3970027
5393482
6859037
1937057
1316191
5500603
4400031
3270800
3926628
7033488
483460
651761
5384937
4019343
616169
9282083
1009514
3030708
1707509
4054006
4827475
2293264
9373231
701076
3908396
3715234
9288137
9260301
3091805
3935270
8189461
5222437
8802912
5269667
7754373
8520046
7346728
6232630
893304
6262928
8177636
7419301
5339941
9787048
3327471
3532132
4186317
318272
8317260
6736136
3323091
865075
5603066
5455544
8451013
8935595
3729228
4981348
8002657
9273079
6311100
8738725
9983486
2855057
4639542
7225983
1214072
8868997
2005017
6735646
8070099
5187814
756070
1956597
7030727
7642771
240254
4442496
7400385
1112494
611653
3696185
8038183
3846364
5536426
3146277
3470695
5365858
9310333
6240992
5686524
5652929
5962512
7528765
2239083
1503904
4045557
9602660
4868908
1584324
4377006
8183543
1227
6983956
4880432
7271336
6886481
2354925
7611653
7358177
4789561
3154937
116108
3119589
9916291
1570821
7868249
9446106
3726372
5360296
6225294
4404657
9593939
2707366
7803903
5359891
8211491
2857275
1749511
9192730
3673136
2470281
411427
7197695
2366007
7642576
5594732
7113835
5509831
9540410
7408380
400650
8024729
970311
7813456
9649942
9438053
4958261
5807205
4593959
3274860
4666871
9306937
4863982
6769805
3420104
3533344
7685046
2759621
5260902
4041089
6579630
8676570
4717509
3406554
8412500
3359804
8306436
1135258
317300
4032402
1186592
2781809
6793301
1078283
7339634
3735153
59918
6396849
7567067
473182
6744270
6898012
9198424
6811824
111734
1695639
743813
6106688
5938784
6019234
2597624
9822200
5500029
3241535
1562699
1195884
4198938
2002227
4956914
3577169
5383508
8049184
4616281
8075147
5334404
1362110
2891029
2536960
8551140
9701843
5632007
3776697
7684898
6929525
4477513
2653000
687717
1551904
3090319
7086997
1015393
8047615
2868981
1983384
130955
3356158
7159403
8648973
7237000
3195007
7774343
7492023
5681338
2624838
6273575
5845048
1698672
8896858
8984688
6124979
4602320
5735953
7589314
5595523
3440438
794351
6769320
6815219
7913215
9713587
6541171
979759
4278525
2962727
4608969
5924428
7871912
9843861
8484890
2355312
3787631
4711293
1090189
6493704
6262275
7546953
3448849
3349044
2724039
8281090
7633315
1862243
6613690
4510063
3762770
9069250
6276757
1949966
1501676
6935314
3876638
7299151
5341134
8933477
810126
791979
9308104
730240
381270
712826
5716318
2372332
8107690
3701540
8532484
1659510
8205669
6511367
6064309
6212427
4594581
9925381
3168627
2463395
7496656
2558636
1774322
794124
2042784
6695057
7659495
5584985
4934578
6737550
58835
2114633
5487892
8579395
264438
7727013
9878104
799122
7721859
3877286
4868620
5489431
9558715
7323258
5735226
6547880
5108799
342149
6991297
21187
8347979
3972083
6999338
3732016
961455
3716231
9415039
4128420
4168629
969237
6658287
478845
2424252
1888550
306204
2112187
304988
6783919
8694701
237817
7010420
7402713
3012236
2120498
3877101
6335285
5231007
72563
8036283
1120599
6171313
2334126
1676875
9239918
8178138
5805409
2002712
8516141
6780685
5036276
4936130
4962008
2231014
9729485
793915
2147431
3291935
9981558
3038118
6883352
7757461
3841013
520125
1642229
5072849
892956
481276
393190
3793922
4048389
2469363
4695780
1957007
3198226
4074765
1860514
3679990
2991182
6732874
2609947
8349621
5228003
1921814
9166516
6849095
3528456
4787845
1362420
721663
5868469
3499971
7978173
9852768
3447312
8410506
4180617
9326857
7415307
9863850
6133005
9046444
1966096
6300395
2831094
320585
3445194
5444736
666695
1024125
8691565
8650399
7203685
8843605
5448266
7547617
1345135
3345493
5533033
5163300
309437
6725754
5765528
6481847
6393698
6918100
7141766
6671423
249715
7372792
2588738
6083093
8707677
4836658
3706888
6821472
5708059
1613766
2581295
1332411
173477
7436315
2842694
8029974
4151218
8583540
3071102
3848352
1566043
7085521
1789824
9835167
988813
5282935
9108838
3126728
4720544
3250242
2358168
2188082
5565777
3019372
4216720
6833312
2222239
3605331
8405218
7305811
3062719
9646420
709723
3351898
6200524
3489004
7971290
1418929
4944383
1891964
6908333
7153331
9335176
13284
2775437
5326808
4358019
6326748
8042629
4360375
5279
3420123
8848257
2719042
5644552
4539522
4417494
6135264
5649103
8634786
2992592
4560642
2708923
4181918
4155475
7780431
8057216
3232909
3994440
5287995
5441490
8108324
1240471
4541661
7571052
6830404
3274803
2396255
1817656
9395562
7397188
7882046
2130722
2513587
2873388
7824689
5477549
5730267
2681665
8427792
2510408
8982334
6544236
3171772
1180097
8503209
713811
7496865
674040
6941430
7989656
4287164
4491945
7783752
7865119
6187060
7622194
3616012
9690557
8705519
2514107
3516952
5760127
6785961
4443852
9845121
3062829
7949522
5663922
697209
23159
9903444
8793602
6331328
865641
2626395
2747153
732168
6558126
8870114
7217732
2137985
2234083
4631354
3431925
1230421
7855617
3325692
8152038
3804922
6258741
9278525
1728981
2664341
2170683
7318631
6738304
2152283
827506
5780698
3198204
8764127
5362896
3324273
7042330
2067780
624326
7779736
3027709
8363680
528156
3203026
699388
978489
3925211
1861635
931084
7182230
5416071
4056161
4858990
3947173
9045897
6510847
6116937
7490465
4194884
2231620
4011089
9517143
5723681
6677890
9874460
5214109
3959196
7149737
7662643
5873495
775289
6372050
1380832
2409541
6371102
230189
9378262
2225164
925715
7327436
9291242
9896170
9611001
52995
5081878
3435481
5813594
7960847
4496498
1006663
1164677
3241508
7402360
6288444
698419
9573089
6722848
7310601
3784555
3914679
3278983
6221979
714029
9653354
5541068
6842610
7230374
9232157
3215406
6628744
4939348
7288775
2619177
4099633
6937371
2308989
5713379
8623122
4718157
4316681
7518516
4172598
8439275
5701553
385775
4601681
7460163
6081558
4427840
9948623
6163769
2346764
4936668
3609652
3243200
3821242
5396641
7342909
2553472
5565267
453477
5253455
2087509
193738
8229023
7747776
5455597
4816695
7475832
6859498
4863471
7258880
1890068
3704932
9425825
9678203
4052258
110882
5502129
1408534
2854712
7525467
1656093
9881017
2744506
7532029
4417528
7125896
3638121
2677507
243896
521497
9432284
1002954
1382501
6404440
2041273
6540757
5218402
640405
203756
5733837
9874888
6932731
4050377
2641667
170398
2751574
4748367
5924985
9214964
7596734
4922949
5118808
7209511
9099165
3718928
8962116
1127011
4426531
4281703
6349507
8837740
783275
4157593
5074126
9182461
1166396
3182161
3096818
8559363
3196274
9879662
8006473
488211
4578034
874986
1799641
6016736
2138875
7912050
5450518
5863223
8482976
4132448
1575874
8551839
402264
8777773
9032776
5120849
9930317
5382708
7906501
307998
3981804
5414584
7794754
337984
3868509
665666
3971327
6901591
8804575
8131480
6508550
1542880
6481760
4799676
7937508
8663169
2792254
3374197
6463965
8483136
9590944
4222021
8519718
6886257
5288945
3975056
6977486
9938255
5691732
8053492
3012445
4742948
5119866
5225201
4117041
862504
4209425
2630986
5310143
7985628
2249275
5813191
650401
8785853
3976905
2123274
7679145
4269355
4561393
1531214
7266735
5407521
3776084
1333685
6793135
6680207
712150
3538040
1443609
3176510
4150944
4345219
4031949
6476551
6768237
5560252
8376095
6677553
239058
2759448
8255665
6857144
3108206
2366254
2833797
2639170
656668
2310578
6235815
1767544
9625173
1406577
3430881
8719107
3096551
5312813
1816104
8045598
4328991
915259
4748431
339020
7787072
7018587
2833502
7412044
7466674
5556745
9518364
4182428
9721870
1683812
3381734
1711373
6710452
3256507
3548216
8423100
294693
4252428
7616197
73612
1532019
2751402
9775067
8054907
4616204
5728687
8646245
7853779
6355680
6709874
1661973
8486824
2846376
880789
2950860
1675667
7934962
2566819
6612938
4755884
9031669
5018168
7547681
278621
2043618
8310778
2980028
4632700
3564613
801460
5054747
8376504
2337807
3145729
3848756
8600796
3235818
4092461
4175193
7707194
6265394
2193607
6423030
6129951
8988615
1997054
4493548
1341640
6843006
5855348
7047435
9927993
2937784
5390969
8533778
9317526
4918931
537241
8675111
659158
7150092
9376161
7572902
59080
8255583
6450271
3140988
2523170
3216619
8687910
3973575
4301532
8227472
1684535
4683073
8892994
9560068
6626238
9104143
4799257
1236771
5247510
9071858
6441027
2775693
5901392
3831017
2448572
7814251
9953031
5929579
7632700
2041473
1457463
8135170
1539554
1796756
3197885
7217011
5450983
8674691
5613390
3656216
5383310
7747630
433682
321744
4109107
2365144
7672368
1542704
1595939
6251281
5026930
7169925
797579
6957377
2517906
2222462
7080980
343716
4017596
9889604
6344485
308990
3199689
9457516
2378533
639888
2099412
6080980
344661
337325
2394119
2013755
2384288
4627449
687530
9663025
3983770
4735234
2559519
1819490
1492606
2611578
8432895
3154930
6593715
9407035
9111724
4609209
6690663
7165008
1660852
2200109
6010882
5671696
4791153
1733358
4149453
4904269
2155133
2305682
7397425
1628870
5002882
8434925
9576038
5303044
262881
5953926
5780235
7561863
1926979
7044489
3020100
1112891
1099765
7261622
8042290
2960536
9296198
5985930
471240
5840207
4469359
8660153
2496352
8256602
3531026
6169688
9563244
8455968
9315089
9531228
9710844
9900189
7271212
5436553
2683107
7482085
4601915
7989189
6302198
2931899
2866033
8815058
1846285
4695136
4571819
9378062
7571188
7808030
5338633
5284464
7984684
8599314
2097935
344725
5400185
2909115
6257816
4727149
7059326
1837407
9651245
415779
8235327
5080866
1494369
9777107
245301
6131297
1067603
4095346
6552338
884810
4224506
2176341
9762548
2894095
854132
7865231
600987
7847061
2207397
6554083
6181445
8817645
7104644
5432572
4136212
920195
6462357
8681525
5457176
2720146
1867451
2144688
1288144
2421201
8889428
8606858
5686028
2457474
5830486
9472418
4831539
5406230
8560536
1037282
484545
1307095
9023957
2107789
6161399
6465604
6519296
8016370
7004744
2385182
5760224
4714443
9399431
5075260
6028003
3532092
6611590
5902908
4815607
9277508
8970630
585246
9217900
2710821
1434593
5550975
3138725
7123882
1003237
4511300
2809029
9461314
574430
5857449
8333610
7247877
5754743
2106464
974313
8449646
1263395
3395236
6302363
7428378
6449822
1194592
8924341
3978831
5512815
6990002
4285078
4848592
1008677
7847978
8842450
5461358
5467628
7653380
1903889
7392297
7915105
904973
5532801
4157375
6266415
1600514
5381025
8814506
8445474
9011143
4392342
5942862
8006844
1592991
1422656
8703681
8514707
4422801
9957839
9117967
8740701
9758439
511957
324993
6890479
8804880
4822612
3889295
1653468
7636270
9838622
6860327
1190312
6638888
1273750
1132505
9091641
7146216
3757460
6009359
4749041
2131854
4405848
9240853
8197451
78241
6721432
4220207
2251626
8603961
6745568
6708813
621927
2402714
7047101
4563890
1047467
1952569
6555785
7901619
6956
7394133
3862819
545938
8247830
4165870
2341639
5881944
4087182
8862926
8816692
1232454
8638657
9093844
4206407
2333019
5339882
3313112
5130443
2548604
7917826
4542699
6465573
3559672
387345
557929
3985953
2788133
6411339
1989825
3622210
6083879
6410084
3050883
4270270
667424
1512982
308523
6749543
758660
2223930
4152626
9365452
120214
5082989
8949886
3094196
2436606
9612123
3470010
3625601
9185878
2109029
7766337
3357496
5515228
3009741
6010482
5029939
2676660
1401625
1935864
8221242
8473508
3555085
4707498
3392762
9605219
4778190
5270998
74085
6224149
3819765
7690954
3285882
9286590
2870304
1483039
2113073
8463749
3892685
2948323
22377
8142814
8488090
8993712
7179143
9691544
10009
2918183
8673555
1597955
8844641
1782552
8206698
9602217
8958872
9261527
325899
1620585
1080257
915699
9240521
8841694
6393907
7462385
2115072
705134
5178142
4577673
1309870
2137189
3547619
3854808
6362464
180641
8086514
5015952
9889735
4621541
2732165
9539135
2634866
5732458
8165206
9164668
4755945
9914520
1626685
6764103
9328106
3710129
3004033
8764017
8067699
8211830
8073184
2555268
3355237
474930
1114465
67076
2172504
1948321
2156738
2613778
8239641
197341
1352016
6935473
7984836
1443077
4791171
8308118
3300495
7593215
8212621
3603576
4587867
3125477
1414085
6400538
2381194
4800589
4222311
1649885
8128149
8456663
6377994
3563101
5806077
9281852
3914610
9168731
6079066
5154843
8447416
5669567
6580677
1120330
2457483
6043484
5494883
1836710
5046964
619559
586211
1076281
3860930
1586035
8937069
8750673
5038216
6596597
6858616
8008905
8674240
2745316
6923947
7427608
5176954
938751
8842956
2612510
8898164
267658
1144478
9838963
9712659
9200440
2591306
1221317
3068543
4653994
6814749
2733508
7958789
9434377
4285379
7662462
6175336
1496143
7556382
5226966
8393459
3529568
1247134
7901267
4736128
1428860
4273710
1673549
3630958
3036809
6802798
2240304
4038632
4975421
1551509
4338684
3217993
140523
6841681
7786332
6710169
740757
1909998
3499981
4545160
7955122
2578364
1138084
1736577
9654419
2393695
7969373
5594673
9721981
5151897
6466561
4829927
3616258
2259206
5613013
4867816
9428642
5824998
3213736
6500965
6744636
4504763
6338568
6895415
7613691
3689061
3699876
2075506
1065647
2394179
5606714
8229201
6268928
6086619
807188
3997140
5407840
5178732
3667821
7902228
5943305
6760185
5837769
52789
3363235
601326
9469781
9758037
4070565
9685320
4152668
616218
1193638
5375463
1354555
6599946
4966532
3381459
2899473
1506940
9105793
2598527
5870401
6035042
6438372
4403903
5481573
5301096
2466284
8404441
7591216
5690241
5925312
5312412
7297411
1168994
6844979
2456341
8273178
191667
2181065
8378904
1347523
7179077
4856973
6963593
5373107
7262310
3381296
336595
2049747
9896376
8547492
1140269
631457
6010258
1452599
709547
4334079
2018237
5081928
770590
9668727
9349783
7726687
2085592
9447510
7942137
8984314
6272151
5951206
3090501
6039885
6355516
4582452
3823889
8771608
8097855
2053015
6597103
5679596
2084458
2348160
4084126
6639796
2021319
2838519
4078268
17194
9647230
7921174
9402253
4511522
3433861
8002136
4776854
362030
1158148
712661
1639611
7373529
5799439
8273746
8351667
2152441
7518288
5012457
1562186
8302990
654212
4547170
3265936
7433555
4026529
6173699
8898734
8312161
7156850
570066
2973323
4881574
3486691
7588249
5829159
428596
4791837
2739408
7035586
8363444
2988395
3754161
9597604
2486822
1052210
4250244
6379569
2682803
9810144
993455
7094442
5720227
6385089
7435662
9754431
812295
5618338
5165455
7745677
5349029
8291368
5373266
6268347
6051773
2403867
3603101
8809375
3672353
3442905
6145651
1437671
6589116
8993159
3105474
5388770
9329857
6024563
1409726
602994
281294
4055013
855675
408310
8703251
3608280
6970456
5108903
553469
2985515
921220
8934376
9295562
3806728
6635244
7998207
6021285
9388251
4489772
9950329
8247730
4712321
5710069
4381016
9694971
6280176
6167066
9107772
7852758
1751965
3872398
8067711
564387
3877507
9422005
2839580
3670830
2423164
607116
551258
9551833
6489799
3735681
2094446
8589507
3333659
8409384
3526464
4137760
1648296
6186863
308916
4038729
1511399
1456922
1927360
7861068
7624512
7322138
5603220
5417038
7382756
4081293
5932390
8791389
3160686
3684289
8125601
6366347
9062781
4683126
366591
7038515
3775172
7671679
4402608
4291476
8903788
3793494
6114547
8120477
9232129
2363729
2759079
1775914
598483
5403643
7479837
3661014
7018343
279031
8577033
4549025
5511689
7547780
9623928
1025437
6230830
7178486
4021854
9788006
357239
3261344
4822633
5323483
2889421
6832481
160028
7818434
4098804
924935
5451688
9538505
4096148
1836702
9280012
4201314
7445594
5775271
1550398
9967410
6127648
7413208
4307386
3793807
6111887
8633122
6214732
4559440
8770381
5166350
1936030
2602786
8774053
510951
433615
5107813
1681459
2999396
3886797
5878717
6944564
3544979
3134733
4345809
9119926
5107369
5431020
9122281
3459670
6856752
2096940
3918386
9089156
5442304
9009601
3196386
2097578
2491534
7639319
7399546
3028094
6544671
7598132
4151648
465830
8296547
2679174
5580901
6614775
3610242
1254059
8728795
4163984
190920
6072257
3886310
371781
6109004
7940697
9629920
8089203
1077984
2713624
3840672
7583600
7127023
5154112
8481704
3851123
564548
7655869
9185715
2753224
345845
2694838
6447765
2518337
1526555
6404213
8979902
8738238
357233
436408
147469
2881340
4983066
8738739
325279
7765334
9382360
422352
1396506
7286046
1160500
7477001
685667
335287
5239993
1687802
1073443
2348493
6466984
9872462
7979720
9982785
3138142
4686330
3124648
7607548
4358859
3434083
2070393
6585345
1868074
9782485
330715
1986050
5798601
5324321
5783212
7382730
2574928
9787174
6965919
4794674
5750891
677530
3762713
2235267
7685952
6409051
7930045
990844
9173153
7956364
8089189
5466747
8221725
3372835
6408987
29259
8603301
149895
9745539
231391
3415308
5748090
6747799
6891076
1445646
1107058
5172208
5894252
2426925
5673038
6542134
879076
6154817
3085041
662611
808915
3083587
8719544
5842969
407527
4802163
7746068
4224698
7003728
9609632
5944271
6462972
3517217
4672406
6680795
1868686
3274906
3159596
5039872
1251038
3068534
654490
3283780
190231
1462197
5435264
6592569
6229128
4364848
6300637
8483277
3420979
736896
2136457
5748585
7817534
4825308
9037495
55599
8506429
6769657
1388448
4636146
1669422
1810387
5898069
5862730
6750312
6335642
4913144
677258
7118083
1238167
5796472
8822616
4594745
9271956
5545738
4336570
3586547
907349
4770781
831079
5516772
6508943
2060922
2409441
6976980
9143650
1650225
8248902
6686109
6240739
6208270
3019769
683351
8148614
1095278
6438179
4263459
4792458
1752087
5118503
6255231
9619957
5136755
7860210
7379611
9417694
6895604
3269393
4651150
7205618
4177551
3721909
8193737
3783731
229337
6011114
5409232
71119
4933234
3739611
4106746
719657
4571939
2776220
8208114
7287889
6943063
79189
4488958
6883493
5195636
2508816
5551436
4319525
7205582
9941255
3797926
7730790
8667432
9642431
1829306
9105879
6678325
2276329
9731197
8458371
3071070
8085433
5440052
440649
855337
999077
8440728
3763910
6486093
7649752
7269610
9239573
9293866
9819922
4286030
9637419
3650189
5684764
5300074
5523642
5359212
2748973
9133983
2705252
4053761
6775033
2007793
8539574
5917710
3497251
9070055
1318484
6490062
5156350
7196798
8138240
7201121
8030752
8925969
9711737
5259386
2393580
3816423
9049276
2393403
4406336
604258
5202872
4620481
1325291
255592
6114896
7807185
344927
1998391
2741883
6135761
4597197
5493206
8185480
8069660
4112494
8603305
2928677
3023761
3197934
7379765
9729946
173643
4755067
7734337
340275
7734197
8400822
800654
7145459
1085745
4369815
8408976
2421913
8874238
5895423
6542721
3164567
4897368
92864
3655593
2091333
6145826
5683750
5635314
7806116
1277816
2148498
4705494
5716263
9665660
1063237
4761109
4623380
4490968
1483520
6935536
9011017
522114
6528658
6261899
5369047
9603104
5481126
5534456
3373795
381060
1291915
3465960
5422035
9121455
145706
7899699
8191811
277841
8123118
5701626
9433144
6009342
3554422
3619771
6101739
2780624
6067543
6411936
9870717
7336420
3719282
5521538
4590084
7834270
2700268
605069
8805920
903912
6013863
8903094
1916432
7587971
1152485
8418496
1259279
7260406
6297945
6991379
3733769
8537604
6554794
3461582
6348477
3212266
1080403
5571627
9277951
8300134
7345788
2978580
1376554
5846329
1319572
6865086
2833667
6039288
2112443
4419267
3458176
2408506
9832866
4568963
1176637
7960497
2057024
3458875
2346466
3845126
4999541
6637409
1660799
5560565
7397018
6548573
2535337
289418
8335292
3286855
7061131
2229074
4596896
7540598
3109454
3410878
1848251
2059424
5476564
1293084
5124718
7590903
9653711
9745762
8844
9764557
6937117
1000304
6123464
7847214
2478372
2778611
3304853
9655300
1642861
3060311
7124241
9316401
3042811
6237573
5568377
7323740
2741502
4260254
6208381
9797689
5048275
4129861
6153926
7047149
2729102
6304520
9402147
2097198
4756660
9263145
2530513
3309874
2030172
5947359
3126794
3904934
2604772
8129832
3463636
8745123
3693732
2840230
7437159
6817846
1759373
9557129
5741193
4490927
2518591
5750735
7247864
755238
3942160
7228561
1163371
8590849
494469
8588944
3997803
6710745
1896443
3285878
8600330
6827984
3903690
5485855
5395857
2145990
1957779
1576875
891795
8218399
42040
7664904
3662371
3467765
4444236
610
1950884
3279710
8208668
4784354
1301045
9836223
7443041
9061375
8979347
355049
4313645
5721295
6944115
2553025
1502186
6275821
2303331
4336750
7860939
5123905
5136535
4505691
9856598
1623725
3507459
2425930
9207448
2336039
7226960
7981919
9561527
8625522
175944
6160254
823226
5789686
8957843
3215588
7625642
9233889
9279842
877117
102462
6120103
861712
135781
5329143
3058092
9010700
962583
2984922
8942193
8303720
4339561
6146598
190137
4791663
7981320
6717785
836691
6430866
1609997
4494829
3062588
8054364
1235979
2946775
2136659
8668014
7053791
7621791
4735886
6802898
8136673
4999990
8809584
479310
8305161
9592311
2643119
6080618
9707602
1693443
6765957
3272064
705629
9842958
6595611
8393132
6791001
1034308
8933536
9932485
4056807
7506602
2335777
6145487
3055878
573244
163062
611304
7315060
8559706
2091849
290672
9669670
4098139
325280
8995382
5885298
3415189
9406909
3168892
4041764
495197
4487168
994578
9022901
1612483
8851892
8558058
4499827
283470
5586756
1119107
8066467
8260839
1470924
8156150
7889069
9326244
4237075
9438034
2069340
8700116
5672976
7673337
220543
4874318
2820712
7741227
8221068
9655229
3135187
9144651
7623667
5931905
3573336
2519463
4099312
9127057
2944306
2591711
9435297
7687557
9007483
4675268
8146061
8858115
1814006
3880077
7003039
7650258
260491
9551372
2077159
4719545
9941231
7944701
1669540
824495
786270
9022902
2276858
8284771
597848
3820324
2203841
4509797
3855607
1126904
9807824
8162014
410894
7345299
9217866
3529274
1859398
8845908
6490825
185788
6033952
6922217
8483009
3425100
7469711
6629456
4073949
1663810
9044369
5450386
548882
4784398
567976
6343472
7716966
4650136
6911998
9699060
5754660
2620546
1754554
957350
7046546
3182407
4426765
7498579
7203352
4202545
3589011
7509524
7069716
4888779
7315666
2741853
3771711
5902747
9114420
5603110
3820826
2654202
4522339
1010615
7669109
1537760
4219368
1022869
2011264
1741097
7209955
5052269
8796540
881295
4351290
5564041
8970408
183455
6859941
598717
9910619
6901209
2867262
2628083
568239
3196492
9502443
2262482
9417308
9368148
3993488
9252984
2356349
3120441
364663
5584675
6631398
7617788
9915982
9466488
1867338
3704888
4023481
8928568
5559841
4091150
2186789
2469279
2678436
4775019
6692531
4618723
9621520
4533273
4493327
9875789
7614188
2208878
1650912
3398755
5655909
4180348
5391551
3592260
6438496
9252499
9168406
2311512
6472104
2044233
1656886
9649053
8242607
6179947
5532499
4095334
2375892
4582285
6981829
4541501
8811522
4204666
1614218
3361851
5457403
9614321
6079780
6156828
5634111
6425982
5270553
2960168
6876469
2576458
6428737
9776062
1677788
6513004
120551
8073474
6167619
8884854
4087700
7888584
7317730
9250743
2748786
664195
8845795
9803721
5590220
8559016
673351
6259519
7232148
923491
8545407
5497056
612403
9872219
824694
195104
1021820
2945182
3852135
5074697
9455980
6006900
9459531
8648241
4044490
8720096
268462
5591125
2632220
7344332
2347624
8892974
6782319
817118
6160007
6439049
7618645
8307066
7748971
830586
1725074
3511287
9410256
3296701
1658689
308739
5862489
176073
8098824
5735102
2333963
3117281
2465458
2369068
41390
3168568
2264341
8437908
9654864
2799697
1899716
5672675
5688347
3591023
5759880
3414272
6460500
5087315
9479997
3005567
8639543
33069
3705682
5060956
5836010
318084
9540587
4980783
3853494
5128849
9207471
947376
9225164
9688350
8543546
3486913
5432276
5104499
2146065
3784425
8425220
8517747
8153362
2435688
7587469
4657893
772503
2498033
8629880
4939925
7898752
8069348
8358834
7562968
1641917
8096125
7662843
3038134
9869085
6488826
1505226
6665371
4757777
1124102
4271381
9878246
5571455
1423506
6303738
279392
112124
1968588
5827677
7931344
542103
9365847
3314679
1698753
7073521
5986645
5574931
8468422
1204305
4395725
5418303
9942655
1883962
7150228
2842158
5167429
6132675
4628466
3133955
1768497
4616362
6083524
6858648
519073
58073
7084550
460306
7847082
8193632
6733836
4997670
479895
6830603
9645787
3658335
8034596
9402291
1676422
7191172
7936689
7503087
6487266
9388704
2745038
3712906
1755725
4556395
7973130
6024218
8804437
8875950
2095855
8148425
4070891
5495948
1408581
7234781
9633221
8768505
5671845
8363908
1405740
4559880
2166319
2953580
173278
5640359
2351966
4100054
1591411
9983221
1701711
3312337
3782100
1362002
9308659
6937649
8417995
9030022
4125626
1333957
2447829
3397348
2684976
1640026
3837683
9781448
7605311
9024871
9177088
8753032
3654745
8273252
301965
1143682
889413
810587
8611169
9299415
5467620
6605487
422852
7757089
7965769
9165858
2131425
7182763
9169601
7144104
6148818
4226442
8351110
2763826
3752555
7460130
5959775
2541165
2932027
4293598
2795644
4080699
9767224
6711952
2403789
9360421
8159747
2239457
4410021
5855948
5487717
9029523
4780709
3047282
2409306
8903718
1535951
5280350
5954414
9551727
5586771
131019
7143462
3573177
5851766
3404747
2917120
2094355
9181327
9289439
1620444
9274353
7668122
1050464
5769844
495495
5176827
2322317
2270028
8219414
6113487
6241111
6802088
6843518
7876345
4413612
5367572
252363
6357879
2895509
8891127
7207286
5292701
743449
8242157
751762
6248524
7006110
221538
2035316
1586790
1710651
3414653
6291021
2233600
6895382
6212974
854636
8988961
6121170
8449737
4441076
9714289
3587763
6325224
321033
8425789
4624985
7708809
6985044
8690945
5854551
6810678
4863776
3552929
405122
9736001
2992846
3743339
5926167
5039832
3945679
2363457
6692107
3566849
2775751
1798189
7897990
3788999
9129970
1222191
8544161
2953303
5627011
7032567
4043819
8105250
5943400
7983379
101522
2398000
8131572
925051
3750960
6887041
5640702
8583531
1543366
7180168
8626086
2574494
7953515
7013497
7580381
8346866
7830405
6141326
1565732
5197607
5735701
6441325
9353114
9026625
1432685
868395
1530505
4699046
2676705
5277271
95731
3987436
2308899
9367890
6849531
447730
9307895
6728870
814282
6811050
2024929
206713
3701333
3365061
6823846
7630361
6575115
6826588
9785833
1126312
1227795
7687381
1349550
3012187
3240124
9284869
5521411
4249506
6082473
1078286
4099265
2446571
4867732
4488752
214731
9808090
6378039
959089
2406860
9340838
7207491
5942469
3630822
2660243
2828710
8542655
7428440
9254867
4844049
7100590
561062
817310
5246865
7987386
2042568
6370523
4988354
8042227
2829212
1732170
5121956
5769509
4425788
448506
7879773
7069304
6626227
3181204
7787273
6829940
4011942
2841292
6152896
9859605
4026218
2263991
8559804
5762900
5807628
1746112
6113961
4327939
3855257
3344657
6652110
8770682
6925627
1432487
5775248
3632178
6243301
8179077
3979739
1891763
3317250
502446
1331443
9756936
2811849
5827273
7638421
1857615
4707462
4541672
9535140
3961355
196127
196303
3840735
5071269
8832383
4377228
2759217
8452261
3407608
2870683
2696409
1901417
725625
95960
3888451
6436226
1874609
9291023
6772143
8745838
1428360
6147111
8178787
9420781
4939066
6094929
5044926
8061301
1023583
334521
4409776
7656720
4207004
6118626
5636898
3709999
871703
2653966
9873548
4111536
8447983
1274741
8241936
5762573
7682883
6529717
3002522
5758634
8211839
5367482
7840910
8336430
2947431
9602238
2207690
5639588
309000
1705278
7984885
7262415
6310779
414556
6880483
1219603
3610438
5221538
8769489
2978952
8112280
8951067
4370122
2974279
5703634
8250262
8526003
9741045
6420045
4416104
7348221
9220747
3286481
132444
2595438
3037335
2419692
4815380
5387111
9068160
4611558
7643055
4670396
2947821
3904354
1068041
259723
9858920
2989860
6077282
5490338
8375781
8193334
1861309
9777487
2308338
8305031
5068411
4188284
7046404
47761
5000199
2942873
3786074
7239589
8825208
5949321
1360783
5273095
6920109
7949370
7148204
6984068
4208791
5515959
1549209
8328550
5662568
6587039
3899492
5001748
2983161
1590696
7610709
1135655
752692
895207
7940798
9434211
2496075
3979003
5016959
115763
1830686
4014000
2882338
705255
4703190
9950749
683911
4454870
3834820
8273851
7965777
6177048
5340041
9145910
7955155
962878
5375726
6531803
9396969
2868811
2932152
7194534
7184518
216987
4451305
4940982
7823510
6692972
4795956
7772087
8963336
9284912
6407651
9885692
5749023
5312562
21809
5237246
3605929
5918159
3513212
6845642
9058683
4423032
82840
5193991
5019748
5654768
3446410
9721704
9895817
396378
7125134
8817426
940402
707148
3103065
6830010
189914
7793952
404563
5624531
3227376
8798002
6019995
8771339
8308694
8212787
9082123
809229
6408933
914580
8510535
4433049
120008
8576966
9966461
2633803
1834652
171005
8240311
2709767
370334
5361301
8206595
3550470
4498791
879412
8705658
4601557
8374915
6205273
6261945
2997270
1929158
592625
6361235
2129527
9883632
7749629
2665897
4395399
8469170
1193666
5169808
418893
5583430
336214
3027437
5839911
9553015
6154372
3286328
8844101
6968544
6832886
3920027
3226447
2784389
2244375
5121196
8282592
8871615
5859257
9873136
8789729
7602439
4277337
6477815
3252609
3507970
9922140
1283776
4462676
4266228
6614893
7628878
1343554
8157931
3782878
897120
6079393
7955346
2589162
8635858
2149113
8823849
7831072
8286545
8826392
7005252
1686597
9231890
8203461
3419839
9262988
7645342
1843709
7067499
7832431
66012
8604408
2185599
5968592
1481538
2000924
5037915
4691122
6318367
5250901
3219744
219793
5392065
3358039
9424333
9199210
9773955
9402985
9605555
5772558
8780017
5412374
9506472
3612103
8658332
1732142
3607682
2931197
2877383
9343462
1837311
7181111
8147969
8344522
5582133
9618118
6521909
9206812
8416743
6264890
520736
1385261
8261249
1533840
4347245
4428061
5417171
5970487
863600
1194330
2878902
1221962
437226
4390886
9831441
1418845
3137815
9446744
8522838
923285
4785154
2165675
3703207
51349
8432873
6218021
9336906
7334153
3056355
7619714
450339
6793935
4660498
3978158
3146376
3483500
2485866
3974683
2117927
699487
7499325
5304775
996028
1392040
3126545
87273
7238715
1686937
3690610
9468400
1719625
2613027
7179344
9300732
4023026
7224600
623893
8144019
2521558
5508414
552537
648043
134200
1791062
7974194
726824
2125854
3764804
12601
7197382
8616056
8379823
3894400
6395965
9072550
9353583
8224462
5270655
8082178
7032559
4958555
644221
4626751
9974864
7691444
1030876
3113355
9157671
2517823
3747023
5697674
2109890
1822365
5726398
6435391
8410643
4384876
8917761
71358
6617780
7698299
8788750
2630216
2270350
185894
3528702
423358
2768464
1582705
2201453
7897828
4470657
6500712
9109999
2890616
7754976
3161273
4104295
9544577
8385342
2717014
2902770
1959650
3555750
1912384
1673633
5556652
1153576
1806544
2163165
5680567
6318878
2082592
4533384
2565140
2851666
6783510
7283589
4818630
7737599
5588774
4701130
4798576
906300
1224931
3322264
6858082
6119481
1393451
6697811
4336185
2493405
4922374
8294389
9824062
5966130
4624355
2197567
5522826
3446894
6463073
7377748
48126
1328670
63970
4795724
1493370
6958510
5065279
7093424
1647366
7964089
3387430
5974076
1144743
9454647
6317976
7524433
9131676
660861
2831555
7598445
2746402
6679384
1462680
7320156
2207704
5089141
8645645
6873212
684963
5298244
3834301
5988262
6838710
6529923
9794284
2097694
6939860
5747345
8966393
9798045
2581947
9253570
4991133
1766719
1964242
7498671
6444279
1882591
4263649
3139089
2938324
2678639
1535382
7520854
4103737
7703743
3660950
6637835
6894361
9944854
5217392
660600
8143217
7390599
6721435
7575850
4415563
5925441
8318882
3993392
2772001
7048172
4247036
4963969
5379888
7924308
9253975
1396132
8532321
1041569
461522
269591
5446902
7468450
2059940
1486247
8925253
6577424
2787176
8487489
5216087
7913654
4926364
6792933
3925774
9471030
7600569
3622808
3642778
8306696
998081
1707053
8504932
2154056
4439759
2247951
5443421
30314
1360289
64202
9045396
6210242
5425883
8808370
6189051
1888696
2217285
3111710
1603098
3590516
3203294
6138388
4194949
9257537
1836488
9789637
3310367
4529227
6454926
1542549
9013218
4890347
3369846
4979378
3647055
4485987
9995530
4871764
5019754
1357384
6449195
1829615
2094078
2334172
1976751
7924243
9672470
4694326
8385836
7662272
7978061
3318658
3622351
6955835
9993518
1602511
8229197
2493196
7529984
9699394
1675866
3758645
4945967
7570141
1410001
9935305
734714
7319101
3166328
8833959
3378642
9022915
6926000
142676
8183634
6095088
5891650
4972243
2608024
1727292
4236527
9495449
6642666
7476545
1279978
3167027
9282514
1758403
4390271
5643716
2316712
1131212
921320
2093209
8528916
8919007
451804
8116779
5008646
2922165
2260310
8008788
3012971
7789666
7543614
6714027
8649013
2896787
6571145
5930122
5060598
5528191
3605229
585857
9208935
2136834
3694530
6724784
2947717
6087158
8769941
2307770
4682594
5629423
7604145
9058491
9854080
4906294
8762272
6027435
8224321
4244848
2880487
3979825
6602471
1030952
6266556
260657
1269830
6040626
3493466
2913841
9144595
9116042
6866791
9612971
2142387
9613234
1663454
2763169
9801199
3864660
9014041
1300190
2364048
4039500
1341164
2363221
2693767
8220630
3452749
8114354
4430668
6034944
5080498
1059630
181390
7585347
4056807
2660865
8160523
3746973
1711772
9280812
4017272
6546398
7585392
5116606
8707333
6855432
9976511
977382
216807
4581137
2983943
7398012
7764376
657415
5000694
8634228
2104538
4700542
8141021
362662
9293528
9185210
29749
8188209
661379
8377891
4096164
2402904
9320511
6854045
451954
9224017
3986380
5809200
6523101
5874914
5403070
700708
7416048
4505841
378463
6277610
411428
2066823
4609522
300020
1796858
8352870
9382838
8399395
4983525
7220187
4375629
208935
9735545
8038479
7486619
8908693
5751105
4402561
3901194
4714101
316091
4875528
6793702
8763163
6124957
1852135
6116897
4613415
5097509
2062905
1170559
2939847
2829262
1208777
7446145
8854935
2308112
3956541
2723043
6144827
4825483
5751246
7341961
1536868
1012779
5165457
5518628
2247404
8161236
7588356
7547812
5988825
8102327
2946973
2540072
6033907
8434548
2669532
4151762
5190958
4469422
4985661
7953179
3759175
5297514
4634595
7609098
9805549
5579016
6574493
4280364
6317064
7168277
3650660
6039206
4053444
5134608
366643
1523113
1786922
4805787
2217321
7315278
366508
3872339
8636077
7237607
4948068
7407267
9212753
7067558
4265190
7395995
4793113
1495214
9307979
6728321
4707299
9493862
4938994
4690770
580971
4319976
7917341
5552405
2143187
485654
8053329
2633318
2622929
380857
5391774
970423
1675091
5024678
3536442
6860573
2632663
6272384
5184250
9857879
9895048
5124490
2182738
4680400
2297794
8308759
9517508
8451114
6036849
1885940
3401609
5733596
632013
1892846
2636408
4428307
5416883
198362
3146737
2944106
1186711
3911392
9005087
6041463
6501496
3899081
4433006
1581449
6537737
2558861
7137217
5271964
2529720
1421740
5898950
7760348
1193394
7467781
9723931
5096561
374619
7623920
3661274
2610661
6641432
9414943
4675768
3026777
4174922
8326250
8914989
3908564
5250518
6653805
5270064
7983160
4577669
9905972
4217518
849493
9503956
3493616
7267866
4416675
3754433
4154647
9419873
2399643
585655
9329520
4890324
6322888
200180
5746247
1179424
1114175
8710338
5149707
7260631
7591707
7441663
4210082
2514909
6228112
7253598
8504225
3617230
8621455
4757443
5862599
7443136
6165989
1754877
6313881
7592670
6750806
932663
1986193
1372915
5050503
7684280
4431779
7666797
8323545
6067909
272358
5670745
2216767
5493744
654259
3873259
9824033
8580386
6684380
3914476
7964192
9195804
632622
3165357
9146068
9455828
971764
3732164
2997598
5426524
8994193
4682474
8540921
6115644
5874095
1971539
1477284
17984
4214613
4089143
9202355
1383576
2213456
2524450
7853783
7258906
5362589
5131439
7436939
1701561
1547490
6150218
5436083
1176994
9697386
600988
1179360
6832411
9952545
453500
9922439
2896277
9060097
4937040
4192238
9922004
5231012
5016575
6810073
4234244
5085883
9596228
7886164
1765017
525488
4666177
1490542
9212761
1465415
2022128
9374163
1042541
7752596
404784
1111729
2607202
4385864
2455632
4780225
2627003
8604533
7855121
4697430
3215891
5509619
2701923
6594569
6223884
9658095
581469
7157956
6672707
3910132
7631539
1671820
9711392
9747250
9018429
3668202
5714176
2349632
6700729
2716385
2236234
7085500
5769696
1086261
7226312
8116386
6440470
6122332
4407873
4580189
5390359
9977848
3559019
2458697
5112927
8847405
1811667
3191558
2518394
2063983
6573486
3586680
2528140
2465463
9784853
6867574
5265933
6850467
8404457
5822728
5459644
8487358
4722781
1803648
8301725
7280936
9353399
8739890
5365195
6522827
9629475
9687542
7050923
804015
4607325
4711477
1955075
8627106
2298560
9326411
9229869
9831801
5138019
9627867
1794928
2959851
2168335
618866
9814270
6367255
1767165
8709769
5377201
4947374
1505679
9403824
5494846
6792846
8834954
2288866
9662515
6070662
7020233
7579819
8610989
6865677
6342004
3843008
3797249
5890723
8366040
6452845
1798599
5120238
8113635
8533049
2922415
3755575
1725583
3240568
7752219
1240158
7609794
3368001
7164005
4746949
1721559
9056516
8519790
5283654
3709956
6958421
6332378
4167847
4604716
7169590
5297049
6303973
3293897
5876814
2281240
2346922
1173808
4055968
5088727
9825492
1822425
4954668
4543719
2169287
5737960
7629535
8452029
8028999
3383593
7115563
2629243
1274376
5205931
2058270
1075894
866947
7365810
8009147
9530741
6254320
6388790
7752039
3970723
5674895
2965918
4271052
6048670
2084792
6734042
8947464
2355958
3564823
2985801
9513071
874875
444277
9867928
9469026
291768
8496205
5976967
2136721
9928394
9730228
6704617
4345236
9788127
8249801
3397359
1612187
4911601
2270581
2023436
5386564
6283069
7299627
100809
5065615
7216226
5352874
6640822
411869
2635435
522618
7914458
8206201
7943651
2709622
6261387
4350082
2312686
9303016
5755851
6064491
5897170
7123738
6260486
7389403
3912204
2627035
5472062
3436810
8395334
1611808
3855440
8077689
1882209
4625823
4903020
8190754
8851025
1689785
7419006
8674596
2319864
880559
7329654
7091975
8911781
7806743
729620
3714329
1802008
7121283
6708289
7140792
7320412
9297386
729427
2045911
9946514
7830227
5902378
9570494
3284525
4350503
3071481
2393105
4728721
3857391
4969648
2349089
3216588
2190688
4414743
5704220
9787392
5792507
6900730
3016878
1723132
7489116
4794537
4799914
7297854
5785430
2821621
3687608
2742746
5668361
2489549
1062271
8204799
7526518
8758687
9579598
6630940
7409069
397645
3246774
6102733
5100871
4537127
1557045
7735658
3727285
2514005
6540947
9445651
2563929
8353018
6656694
2619289
4711189
8038900
4648577
451481
7884521
5954795
4664938
7809493
1084885
5530694
3333659
9671696
7776174
4706201
1537338
9498652
549634
9612604
9198068
7951865
7644043
1243899
650597
8210796
3637758
5638350
1589346
8796891
2221798
7797635
4256125
8877656
4695085
775290
868958
4093474
8601930
2839286
9393270
9120054
560776
6923639
3108160
5994700
8855115
2397897
5815184
1072537
2553524
813498
2048124
1568118
220382
1921932
4393062
3468299
1946473
9528285
9316479
5306575
3812095
5262303
7421784
7237120
1305896
5772591
912371
1235540
684255
8119672
4799242
9045531
8937845
3303793
5266873
1171440
20203
3870600
7207951
5595313
8451650
5312552
2261181
3530833
2008216
7717738
1367852
9883902
2175562
7024126
4996247
7712074
5618544
8318502
3872886
349511
8548460
9606077
8262589
1495060
7463602
4938828
70275
1223757
93554
2576840
3969976
8523440
7540052
977102
6889901
4497865
1631977
7584060
3328122
2469947
264278
5181263
4763804
9624766
6554167
6160519
547075
9278330
6299008
1411749
7886630
2044184
8225672
6061425
9439343
5688329
8027048
7713411
344631
6889468
2811692
5198276
309543
5401600
5323764
7585251
4998567
2984539
3829902
9537280
4764339
48119
1882040
2433815
6468481
4551454
5317477
4085954
4788805
4956199
5186417
7911655
2833429
2668021
7026710
1470154
7786732
2183668
167484
5880146
1731575
8727689
2957485
2165673
4862624
2726309
191728
3544156
8540947
278484
1708829
8119414
6631374
7358455
1648992
1346316
9495142
797296
8360354
9465390
3115737
2831472
70429
6581758
9938191
1253461
8887975
1762474
9623462
1272017
2793058
9495864
721979
8021276
3692270
7975760
8734697
5326826
5121471
