10000
55840
98996
6622
28551
18630
83402
12030
47158
32040
47025
39105
21438
76397
50238
66115
99098
21441
24614
15187
94456
93149
35117
55453
15148
43465
9084
29327
18657
84364
18559
20481
39532
18677
12770
9248
95354
78471
74439
34008
27362
3408
867
39972
65955
35238
37935
53117
16912
21176
52291
45304
11045
13463
97223
13997
94788
61579
7365
58929
73040
91877
37091
22984
98993
39517
35585
53762
68095
1210
54566
78662
79454
17578
81962
68401
83705
60787
70140
15651
57203
67634
73070
36796
95670
1401
53069
54878
88840
62762
13263
72077
58126
22438
69105
84297
62494
68048
2155
10341
19451
8085
78113
54663
97280
40501
52813
59024
88782
30440
87261
20221
68640
94341
19014
98667
7267
74079
31238
11676
75304
51501
68863
11015
55242
51842
46393
50706
15463
37886
48595
81406
20872
44157
77943
16419
78758
73803
30063
43711
5417
98053
30045
24384
97200
2180
94114
46670
14921
10851
32832
52280
85069
95503
79968
85159
24041
61421
76749
30492
580
92006
79351
83337
18500
16581
24389
94061
61324
74002
20338
17220
4220
20910
95705
90901
28695
99684
61594
20370
81095
68956
19642
61641
32412
47932
22767
44686
72659
91368
62757
86448
33379
76209
41082
17599
78375
18594
65383
3335
70343
15203
91534
77547
65061
63392
90226
22824
33339
33932
81062
9721
56556
40048
68733
25176
39337
64103
80198
2994
71985
48454
25283
47563
88346
73238
49312
21804
58550
70786
24641
45150
92414
32606
39087
65907
80203
67305
91336
25063
44427
81350
58228
76972
38673
27226
32257
10398
95077
93701
47911
98701
81833
96531
10271
28469
64811
93063
51358
89300
40070
59137
95386
47553
81446
45556
60027
37499
39013
47049
60544
79746
48310
79317
805
41942
96993
67418
32704
30954
38103
39803
11916
34805
26595
61883
68925
23008
13940
30893
45512
1081
74789
60585
84932
22335
7451
45805
93924
68374
59062
94030
49464
50125
59681
17289
28983
22265
93739
57907
39398
78767
8148
28850
42962
57803
61689
58897
24191
44888
18233
98127
82169
56330
24853
83429
18343
20232
40019
26010
71673
36772
85917
28529
51097
95153
51412
68709
88386
325
47587
63051
20452
84894
41470
40057
56472
10464
63255
22342
46152
66618
45895
15499
1768
60985
57362
94648
5473
14885
53133
65221
64703
23538
39898
21827
14655
20207
3305
48405
95307
31422
25798
39059
72809
63035
24973
54180
25259
40971
98994
73314
42802
47186
49086
20799
8977
43246
37005
44196
41634
10604
87839
98059
63792
86567
42803
12907
48784
75192
39406
88473
84782
44443
7689
68057
66325
15802
77465
98624
81161
30806
36608
50175
48019
24955
34976
4702
37969
20297
54237
61310
17585
32772
57996
19972
18972
48655
32631
21094
3912
64375
53487
96393
7777
25104
83606
26844
23703
81189
13311
29680
22308
41088
51231
27066
14082
98543
56522
62881
28590
28856
7981
82566
99391
29175
95635
37264
75788
38829
36713
44589
44415
95002
21887
7026
52953
335
82869
37012
36198
21518
19665
36333
73093
17585
40326
5204
24162
86607
61693
33797
21017
60487
1724
17764
56543
661
21541
41708
20261
68207
84049
92265
8151
96656
625
33873
48643
91721
29389
36489
43251
48075
55512
41922
98281
31235
31423
99718
29581
53512
58967
85720
21369
46735
96193
13550
52991
6861
24346
59851
98414
92539
70575
88681
1442
76727
77438
9495
43941
46695
73416
99854
62820
13058
16689
69067
37671
12561
55086
67728
85571
76180
38546
55851
56730
94120
97584
92951
47709
31394
32854
8485
66069
91464
10737
12327
59949
85807
80929
26832
66740
85531
43355
59140
20536
75908
11028
24634
86497
80193
4833
52270
38244
6320
53954
29475
79365
80866
62179
61324
71681
70489
36796
4081
90244
96916
7587
90476
45806
40456
26745
20295
20490
8866
86418
31625
52037
77500
80698
66632
18108
96093
91342
87103
74754
96018
94405
59305
13875
72119
58220
38819
29176
51750
68323
8326
1690
33137
36396
56809
16588
84787
85423
38138
528
9350
16681
53875
74446
13989
82138
71824
65710
44996
69275
87043
39305
43865
70153
12555
2705
38507
84175
23197
88381
26582
40880
66557
81248
56675
26339
45949
54529
49439
44678
50083
98127
73932
91880
90165
81231
16407
28167
92732
2093
99158
22530
88335
49807
57101
48707
89567
29404
5453
2026
79337
98342
76963
86318
75531
53058
74563
40750
55515
42738
69797
28350
72041
77153
17752
99067
2673
40219
47785
32795
30031
62265
6306
3045
15721
30967
57111
51768
22834
54616
76566
2552
50565
1832
88095
6387
7808
29221
65568
63193
97709
87169
14946
38952
75701
75368
50265
14308
55111
51672
1498
38666
65266
46447
17198
3676
26208
51755
77104
68585
57007
22237
84303
1434
51507
72058
10838
20799
52584
21117
67943
37851
17606
59101
87146
77293
89366
68878
53075
99915
17418
1922
77573
63206
2235
8573
52772
56498
30105
61274
61739
2379
73827
65381
17113
2180
9844
75029
35653
38511
21338
98753
21887
27854
8587
72362
80405
80241
80600
61452
28747
21213
52302
95136
72136
44809
95276
10417
98599
38389
69956
56238
55948
28073
35361
48701
55059
42732
31830
27065
97766
84576
66416
39263
23159
32183
94482
1920
49303
30809
23958
84756
29778
44071
61225
67713
31885
62460
17591
51799
24197
38910
21389
72060
56870
43113
37513
66872
46459
49490
91475
75277
5351
40771
86368
5399
91083
18091
7782
70008
17048
80841
14684
19487
73673
22272
66519
65820
46308
260
13420
52676
51977
33579
78906
96146
53406
17723
4183
36404
12857
33409
98838
57457
50493
95318
94023
24678
8925
27666
3847
40470
86231
89517
50087
80570
56482
57244
82290
83273
58404
73895
17905
92878
68646
31178
68317
37152
1425
79230
29815
74974
6105
64194
26384
1301
98140
12099
73362
48512
62489
84082
52773
8640
86523
77040
39842
99686
6488
41042
64456
58234
63785
99999
36612
8245
97551
42637
52706
43686
30206
56065
44566
5224
79602
94368
39073
5506
48215
8121
61244
42935
9901
45861
38307
99085
52315
46048
25569
97222
65034
87712
1428
69785
73926
30719
90892
47055
63056
71647
97037
70837
89273
75105
75595
57950
62112
56331
89261
37254
42045
67738
5977
94750
71345
60947
34264
25471
33860
61655
44740
35401
52031
8352
34121
56466
46323
10854
46310
4373
88389
67896
20922
85234
44694
16635
11925
79699
43631
95952
59812
41667
17236
73679
63719
82899
79067
99135
1074
66461
76665
2845
90527
20250
69416
93392
14562
71549
13645
5585
74688
33106
50891
37450
31771
49694
34000
88422
99865
77881
90904
57418
45348
56659
45557
7662
99382
15652
85234
75725
92626
26932
97463
69486
20052
16935
61830
20729
72336
22378
26463
87636
29968
64705
22821
32139
73177
52172
33897
55804
12262
74138
76249
9576
95676
52767
1413
17573
77567
42866
63075
57011
42887
12526
14115
41607
71945
68008
43975
93252
27381
46857
67775
62631
72045
12353
95544
73996
4462
18999
48928
21178
96893
82568
36784
69394
51671
65142
94315
47082
98637
89162
55419
1029
91485
74804
96304
75445
60952
13573
98866
70251
55496
19272
64686
66809
31666
562
44598
2936
66781
21377
72691
6030
74313
83896
38017
16722
21763
10737
59189
68723
84825
51141
56677
44922
61828
838
43271
64060
51740
4074
64525
66689
88158
68485
18584
82854
87236
88135
72263
22404
18734
43240
98738
20495
59313
59315
91152
2304
12410
98866
14751
94717
21130
37001
96511
76743
57698
19113
60411
72409
20831
93126
9411
91084
41433
35924
41748
11308
36163
89904
30707
65804
68548
74734
43182
3685
46539
16203
78466
17939
36667
53233
75023
69425
27787
74722
87093
48103
50897
34138
23005
59963
7149
62299
78797
2476
55832
81152
79024
38293
93499
16144
87372
13150
98510
38781
56312
36383
28794
96051
9450
47449
56197
4940
47579
53595
12347
84793
66099
29899
74041
96555
51476
32879
11135
917
24842
65384
1607
50832
26668
3170
13799
46074
88438
83403
30256
46345
93250
7899
58796
66050
65337
43271
9041
12193
16464
86393
53507
60382
58602
44124
22654
28845
50199
46840
26545
52053
93223
84586
11081
72298
41042
66573
68953
30508
38835
98596
98686
15525
33853
71095
53835
78155
86300
22225
67284
99088
31538
17118
39148
9684
67940
71762
6262
67468
28165
23701
6501
99811
4758
54220
8246
37192
26414
53552
26693
29151
3288
52275
3214
94338
17834
89464
78340
79820
16689
49571
81513
74596
86567
48442
36152
301
4104
99628
91384
39090
8403
40056
56001
80190
81278
70093
1451
10078
50094
53283
75899
76690
71307
40515
69094
25589
91597
60073
49250
93248
29411
62743
17732
95238
71783
12513
93681
62974
13204
20794
50662
19409
52399
81689
49117
96324
3354
34449
28023
94350
3698
67037
270
52582
96432
5081
22937
7499
54337
12183
35268
49608
84412
71513
94290
30475
42045
54455
44674
5945
55979
32568
37921
90631
95871
60154
68346
67565
59034
78431
55516
93026
57122
41997
2287
81235
81406
72322
3114
74635
85708
79280
65633
53612
72613
84053
8874
27126
89174
18012
60034
8120
58475
18176
58110
72344
9968
60111
36442
95640
83852
81888
58360
29238
70325
88163
70441
85734
95178
58122
1170
77704
89555
19309
52646
27670
40249
91036
49523
52517
19017
16828
77067
74735
2131
48497
47779
87480
48629
86551
44178
63844
16012
18068
40315
71271
35087
59648
19492
17418
11687
83518
38104
56188
12061
35773
10951
62455
90746
93842
29098
83200
46649
42547
45795
8286
42384
58956
88779
11946
88760
36030
77386
35275
87930
66580
36048
31857
10900
74938
53701
40653
53166
31610
35168
67001
39695
47064
66456
13590
20385
75646
46186
65818
19833
36418
59136
48526
88198
33546
58306
21210
86314
30647
10591
58873
12883
63507
19536
83270
72954
20423
71523
78079
24140
15343
61379
9709
633
97806
76964
85725
45094
68453
91193
3049
85227
25123
28213
88144
60531
84042
44351
43956
49980
41449
86609
68378
20482
36599
17631
76803
29280
80190
8043
90990
38628
80185
5441
20002
56260
29119
95678
71148
37460
37613
15764
97152
14221
54806
27568
86452
15619
98903
21651
3218
74397
61647
68895
10824
62518
94624
85355
47309
88110
71628
85066
32056
76771
42526
72737
38906
5995
81062
7937
90507
58309
27649
27675
37889
86227
14910
7290
53609
49848
83649
16625
69712
25437
35841
9552
71801
82531
33171
2380
2242
98279
62615
70256
24359
14012
37753
56138
37708
63082
60931
69394
73116
86865
56300
73505
83648
16894
63698
7181
12136
30507
97368
60501
29961
31493
49967
37463
66777
9660
94381
45937
68531
64021
66844
47402
7270
95435
12620
62789
82737
50515
13216
25041
5156
74574
97932
81363
8069
87796
89681
83293
7496
49162
81508
27904
1365
9253
89510
87432
34904
83247
42318
42969
49948
52257
53140
46155
91593
15244
83479
46304
32954
27750
43554
48728
24653
81704
83045
43864
53828
78447
583
67729
22363
45920
21704
69579
24844
38701
62933
6072
715
57251
92683
85321
62610
92356
31254
70376
17437
69481
93922
83045
63429
18299
17691
49965
7890
9962
58409
73473
76892
55323
74830
85647
1652
40969
72766
76523
91277
14172
26410
79196
48783
20017
75569
64789
43262
11798
27044
30868
30785
1419
86625
74287
24726
75063
29141
4147
79418
45353
94852
18956
84649
42480
44440
80301
17923
4881
89463
16475
59021
29511
57769
22413
84704
39354
29645
43359
58882
36238
32742
42051
70758
77501
35701
43305
46605
17453
46244
78495
55160
42928
606
55888
4003
70318
93576
52505
98120
38611
73340
42423
83749
83756
95241
66457
48370
37572
94307
9008
68114
74658
61730
65244
33585
24850
85838
63848
83354
35959
15983
25107
20964
16087
39634
74737
22904
58409
49307
37618
61056
39775
55040
6237
55743
31535
15823
24291
17273
50562
90849
22721
55163
8877
13441
54835
22265
88473
6496
82775
31542
81224
19317
16424
64118
78993
90762
27390
30484
32585
86609
93061
75771
55302
29540
69544
40701
60376
44002
61761
28281
64617
35814
43649
11014
79007
45493
60258
9199
78293
91389
6606
83851
17290
19607
71751
30074
43757
48914
65347
84897
97204
56353
83181
39079
80429
95117
6806
84943
31179
38629
2556
32489
59454
42969
3685
23965
94180
15103
75569
30243
48593
47188
60302
17837
42526
2646
91655
98341
36538
56272
6433
23026
64455
52449
40861
18483
56496
55117
12388
26826
65859
93138
96484
64421
69286
36980
63041
28810
66053
29383
69789
79371
87951
81459
57764
8463
79031
69468
1967
47718
51375
76538
47073
81921
84701
42835
41414
97635
92395
84252
20770
21096
27680
80088
90299
28335
17968
74526
55839
95588
31522
79908
25514
7561
43483
5589
80787
6928
18080
26498
62865
89851
88527
44883
75013
78490
65845
41455
49530
78371
43628
26571
28253
62921
97938
53761
50609
10374
61321
77757
86582
17417
65430
84115
48454
362
57211
83892
19134
74411
36859
43584
79410
38277
69686
46595
1771
45571
95182
42997
42695
15195
31379
5518
54464
90416
77910
94386
53441
39952
20534
4892
24597
60632
92317
63578
58621
49807
57778
8569
16784
1164
33358
58831
8656
68915
1599
37406
85906
87135
27705
83922
98353
2282
70652
74067
44288
98734
94124
68410
75080
2627
77462
27026
19261
14368
70131
60528
40133
78424
11904
54853
84664
27234
67000
54352
78684
68922
84435
23485
55327
12227
47823
72811
61726
31193
44384
80401
48116
83266
80527
34115
4491
24342
2172
84062
36767
57826
61709
7860
39869
6712
80964
20223
67714
94045
68204
91116
15499
49146
15682
32905
43398
79598
8594
10719
43927
41721
97037
49496
97873
61202
15846
5685
64581
23538
34228
54670
51459
5034
79254
49804
29270
68248
66594
37220
14651
95145
31994
6944
6035
85094
47362
52684
35896
14961
61350
66269
16311
62509
18643
18377
42887
20191
81855
83075
40913
2875
39637
31365
79866
5217
74562
35831
80131
28718
49548
11943
67502
96321
48361
38736
938
82947
40044
61010
40230
88687
75786
69075
84123
4586
62291
9203
25193
54938
83019
86690
5116
64555
67218
60042
65551
574
35038
30362
79600
19133
4249
719
50524
30117
3351
91699
48183
94625
71609
66654
53832
40983
83235
77580
65763
35720
93004
74049
91554
16173
55909
81426
15225
79815
49521
26022
92341
47420
60278
98168
5654
7034
28743
22642
48135
79744
925
70882
96789
5629
89913
79408
1068
86119
82475
68453
67780
8496
39366
46161
93024
89980
97739
68399
27105
4562
98843
21542
37765
51760
73796
39991
799
67295
97868
51953
57290
38077
85874
90665
62294
54899
88445
29721
61583
54694
52586
65195
83687
77980
81630
88538
8149
44619
65230
58478
42624
80313
48414
24333
45971
89495
45996
3262
98068
14711
14640
66726
73285
83067
81755
98025
7202
87132
75722
95775
87443
12947
1083
61263
42246
39325
81523
70692
24182
71014
1398
35642
47020
29034
27204
34689
65905
75690
13778
34012
14498
54398
53250
62458
80338
80038
74154
59967
45702
61045
17439
11186
23379
31551
17039
42193
32589
21589
11648
59958
8344
80092
99294
91270
42403
92910
61246
2497
87274
26119
60824
56946
76801
34784
91320
3130
62322
42479
33986
15369
8453
81921
93645
64466
20743
38442
97383
42237
12236
1445
15298
86664
11274
59963
26027
22005
16801
29904
89337
73610
22439
95839
67586
53296
16195
57749
49092
79129
59199
66412
85068
86319
94730
29650
54543
29181
11364
3267
9964
18654
27431
96290
4827
18983
75470
6365
33292
31597
16273
74734
14248
71737
6218
65258
29825
91993
32286
10170
23820
16036
66173
73029
37972
27587
26249
58159
95380
67229
78551
81711
13618
76267
44378
22338
23199
33285
1160
31387
7348
95653
74713
43556
95157
69067
27274
70203
46406
45558
69548
97558
23782
94288
88421
10393
90701
77191
42037
41224
33056
49413
522
92079
6960
30166
71951
21188
82220
11855
34330
37633
37853
30389
18052
25371
46337
41215
7738
74345
92204
87352
20673
42499
4367
2352
1985
63585
71455
69727
19776
45942
3251
90442
77059
17291
56966
30576
56774
90588
80742
93067
40075
53516
24882
21209
39423
33506
32315
87342
25059
12913
24285
45053
91862
17967
96671
70033
59025
15118
68298
12841
70366
66959
12107
2352
43913
93447
95224
30396
41056
47201
68615
97471
74567
15298
69595
20455
631
11924
28344
85412
28189
10484
29483
64841
58750
70691
84889
55114
14617
59912
88607
236
43603
56229
16897
68960
75602
69108
76
43129
18435
96957
10483
81365
97012
29323
1039
67091
68449
15468
80045
22237
15313
70117
82938
20089
49414
97786
90117
57519
96832
17833
47494
20860
57461
63053
97256
4528
82722
56043
82935
93331
45409
73578
59671
38985
38847
68100
29625
31244
61091
11746
55333
65431
7490
8236
35540
55145
40566
12437
71008
28812
83653
23163
28953
33077
6547
32792
55628
61281
75475
45786
56203
18302
83537
69688
54469
17873
69295
21583
38768
77245
96497
98825
93536
99943
82614
93863
49189
84086
79804
44421
40064
75175
77255
81124
59243
69421
20777
91287
47824
6457
86286
25255
81957
22907
88635
43251
20605
71178
62199
62819
1187
97213
3645
11279
40191
65242
24814
3696
37224
58402
65111
81283
68271
58631
17699
38557
46211
63563
92585
50021
33351
71884
16252
71476
14586
42044
444
58221
7
72086
54727
87421
71877
30739
35302
97605
28647
53237
25704
99544
92208
83455
6347
19996
85733
5840
95428
8404
40051
75648
8880
50264
27820
54520
63165
11549
49568
20382
77598
62386
78160
39806
59570
32015
82582
4326
14868
92812
97764
24660
63801
97047
31375
82145
319
78729
6482
12090
78383
96007
8415
75909
85903
71011
82256
17578
77276
55614
54117
68332
64031
9488
44953
57357
18240
33480
14989
57519
44341
97540
77910
27788
34781
32567
66101
37951
14736
37335
13006
43255
42439
62835
83941
44320
20570
91876
64503
97903
93341
12444
47010
75936
69355
32646
26855
42349
649
85392
73989
52328
67218
15517
11826
66370
34285
67013
27585
14197
37772
661
50056
90251
91445
57200
28398
91163
46123
90065
68957
79141
47139
72921
7397
8073
3187
59405
39851
55860
56258
17665
83117
21184
35791
14560
81519
73344
14487
20708
76187
99878
65377
9629
94492
10279
35100
13515
10229
77493
44641
43946
59361
8241
30750
75112
40629
56551
43936
56386
68064
76974
459
86097
37627
44285
81967
88284
76567
74592
88736
1061
50367
26153
23909
60176
28919
20923
8271
56706
50984
56107
50748
99992
6906
50275
22712
30076
37937
79708
47857
71676
4063
59760
9030
78326
28296
67533
43227
28698
93034
61323
19180
75636
40864
13910
67999
68959
90719
12981
59826
99095
13427
73656
26934
25442
24115
41096
77441
25146
18010
7436
1103
58670
75950
11568
48504
33399
15314
11955
58356
32286
52292
18033
7750
7755
10636
40775
31150
21688
47437
62328
33349
72775
43528
37533
93577
19624
71899
36346
29440
58645
39246
77635
3889
45039
59704
12199
57383
31661
33962
12448
48045
48715
96541
64099
6656
45218
718
55169
6286
26842
27695
53708
75116
82154
11150
28536
64626
30821
64450
82226
25040
76274
93235
67561
33122
67894
56374
53185
29697
50881
4025
22769
24219
55870
49552
45953
60917
34701
62152
50201
63464
56128
62429
23603
72485
82727
75935
33661
43523
78160
66357
24868
37168
51823
12845
1284
28258
26692
24605
94545
75416
64646
68585
4798
12333
62785
55945
77327
53969
10570
86102
80459
2868
55252
87850
63263
66304
23063
19038
22573
540
54465
55577
9467
66445
68348
76666
2861
26632
20764
46245
96593
81153
73605
54974
29766
59994
743
74994
38146
73473
72713
9470
8566
50675
76487
24888
818
55156
6487
17335
31941
22934
21169
62477
12521
45616
85237
33166
58392
60242
57845
79672
25775
64749
89813
10793
51815
45246
49468
13066
86933
38796
91025
88360
65319
33488
51244
17316
64616
61374
78428
91449
71931
25395
23161
74103
81232
71071
29944
66511
23819
62080
45603
15472
75288
54102
70753
63526
18132
46311
24026
21224
15593
61985
86012
64423
50213
11789
79285
64754
47043
91932
52363
9977
72330
2924
98370
58949
59254
17208
55119
50127
87290
18177
56407
90522
83139
10299
277
41925
69078
53277
65266
92497
78506
8141
83783
37019
5853
88502
21065
65629
53805
64187
37020
59121
36466
15379
56016
44913
24398
7824
82922
25761
65380
76659
90901
21215
20683
99996
43031
71374
82828
13589
64929
88486
87352
34777
22568
96043
17128
90910
61043
27938
3900
83503
90291
53995
28631
51942
7802
83934
71017
21970
88863
83747
42986
24092
72785
62545
70808
34621
21417
64624
44445
73484
6202
11345
75603
16039
83859
23493
35517
33800
67943
60662
74520
70699
25009
1404
89792
43627
90144
25927
76714
72193
76355
11657
64986
34400
2863
44691
79926
74426
33416
40026
45775
91680
76608
761
4660
69852
23808
27629
80234
49880
93187
18049
99276
71348
26294
99964
9305
77231
1818
58535
55104
71782
94071
28779
83388
86506
92030
66650
89713
39727
150
51096
81863
16334
93537
50293
92820
98429
45662
4279
8300
78836
69409
27798
30194
78209
98633
83110
17408
67982
54541
68672
64442
86062
24506
59429
25086
67220
16674
72048
35542
82250
15567
25333
8519
20552
43036
37051
75021
88477
32904
42005
67857
85126
54262
80133
6534
86933
67530
86328
44316
4136
56040
51630
47367
86003
56584
19605
66623
85109
1540
82024
35897
35206
15839
32619
31888
80083
95802
61293
13016
24774
29167
87788
51962
71962
69197
89055
4223
96880
39191
55439
60143
50670
16255
26220
50899
38752
44200
33642
8167
22878
25241
21550
97650
99315
13560
95046
47267
95802
616
62469
23070
58293
33157
61148
7110
78294
65508
76625
85884
79213
86514
1218
7061
42749
21487
98064
28592
93321
63124
94924
36902
77141
13071
60813
9910
30465
62137
63193
74053
55736
20061
57066
84406
24166
29089
24212
65185
90022
48032
94976
59793
8778
80779
63916
57967
27622
1378
76885
7961
13450
54911
64820
40653
54162
30508
76083
99403
61884
80056
48404
47121
53126
65298
11345
92802
37189
79860
56590
9714
16177
86610
44065
88654
28386
53373
56340
1218
2076
10928
25388
60560
48610
85774
98894
65863
69762
18764
53464
48984
67953
20057
89947
33029
2275
16084
42988
24065
10723
17620
75968
40876
34667
27167
79682
81626
53760
38445
21886
74373
40052
63373
19236
33249
8174
73132
65980
48527
72613
97819
67925
18514
53901
17292
53778
99165
13434
94777
64837
63335
43033
29072
91143
3547
7929
5546
21266
84351
79120
75890
45130
61550
83304
52039
76159
87849
15322
97057
20837
38438
14130
11501
22178
92361
70123
50628
31776
50124
10218
50215
61272
13978
82627
61698
27043
46491
94303
84895
66134
29677
85878
75880
10631
10478
38995
71664
72212
733
28012
82082
22502
47885
77626
90247
14745
6110
48681
66290
11921
77704
25699
65808
34670
21429
58581
84192
62059
44321
96403
49327
69559
42368
95301
95893
13156
33201
26363
81953
85916
2794
42378
54414
14823
49542
31064
6120
24650
82100
22050
30879
93815
64
75835
50929
76369
2887
78309
51381
79021
87342
73200
59062
29380
46471
34252
21937
30758
68958
9719
66672
45572
59884
27967
481
68707
17069
88696
46129
62354
78334
78367
16181
41141
15472
1210
54835
44814
86867
97134
60223
67360
98720
27628
63598
14528
37939
96344
81149
84895
41127
70793
28690
12640
93412
26081
11570
97770
73113
45698
76772
10107
15115
57317
39567
28635
44462
66137
53617
20179
84548
73779
60782
46113
20300
78002
22989
21277
6682
70114
81321
91665
71642
66651
19685
30794
96531
17097
17452
72628
20381
36000
77501
89970
49898
49759
51802
30298
95579
71002
83544
48022
15321
25878
59020
9044
70039
77484
9418
31167
96567
48400
93472
75130
49932
96180
24582
88098
60593
93530
9813
9607
71516
10058
36931
43008
48680
20550
26305
60957
75852
12139
44078
33150
86635
24089
87096
70245
18528
92565
89644
84968
16913
19552
70572
96714
71186
27986
200
5302
58230
28026
90956
70979
13639
62881
72660
12388
84
19138
26145
73374
35955
75411
86203
70644
77631
38700
39681
66574
44449
5840
15211
25574
35196
1073
59105
88703
40462
26652
88289
91969
50662
82612
3680
62593
95943
78699
18987
17114
81555
12941
52639
57081
92676
85133
51861
32267
858
3717
80398
62574
45232
52165
23412
48470
26124
7999
81640
60386
43026
70031
11224
19298
78650
65113
79658
30340
59698
22210
322
67832
18603
25903
5903
25960
79899
34210
50067
46563
26172
35505
58994
96010
90778
633
33589
34700
92317
71471
96860
8728
54284
17434
99707
88238
32621
29492
71696
41046
15279
33348
74119
9920
23650
45968
20826
92199
14013
57566
97061
13631
51370
63365
41047
60190
70258
84908
10874
10863
51630
97579
97779
49387
36027
385
52904
76407
22413
2240
51599
84812
57541
13091
24475
99643
45339
38718
95144
87967
19400
24487
81062
19370
17174
19593
61284
97329
99844
71554
74872
24808
38006
57970
58177
15808
86669
68569
97995
29028
37873
68054
68729
90618
45183
35981
99636
57182
84929
67461
52798
9977
53129
43054
82009
16731
6860
51918
83318
59037
41144
40887
16208
14761
12703
56169
88487
56138
71593
21897
63558
51250
17261
3732
62151
39626
73825
71052
59784
61535
58843
97334
13256
46385
49231
79463
20256
60553
29568
20018
14750
74000
94879
85322
52008
82016
28991
53347
97896
58852
32091
75591
78361
47553
60009
1034
58830
36445
88854
34002
89670
36650
63921
73703
19345
54027
61920
84293
69832
70288
75181
51715
28694
1761
69615
53052
63247
81906
76439
57870
37656
38487
38972
31090
70015
12724
33749
24828
95712
73935
51248
94107
93198
72649
69990
67955
40092
31763
76978
94065
43323
1386
32769
37739
63809
65493
28227
81508
92566
29192
2311
43192
50158
32273
70051
22792
6109
83874
5815
45533
43426
13015
94173
36913
16213
73332
781
24853
61323
44499
45450
52097
33102
12860
57449
35359
89577
5477
26616
43817
16110
76819
30917
60262
47778
58123
64070
67750
6496
37863
21895
71932
12698
49167
68999
97500
13124
60720
94458
38972
21616
64062
57220
83745
23141
17059
68652
37235
37385
21802
84827
52868
86353
87803
95581
95063
60250
88810
95189
44501
21613
38927
48915
30417
71614
26387
13523
43985
75912
85333
40158
79596
45854
60152
96138
99510
83224
3248
75066
5073
39452
3545
3168
97207
84167
31117
40275
96682
56819
78903
84224
11696
52647
37807
73054
64741
62552
36790
307
77670
46389
96636
98242
22415
77148
74283
27600
13628
92344
12708
47616
5366
88323
47629
87909
33517
27509
57955
90808
17752
95358
23902
16442
53833
2512
97185
8488
3269
95597
68664
44551
88179
89948
53635
87353
88418
49637
94046
59132
22291
50228
70410
29329
52584
98614
45675
19359
94144
56591
98975
55766
64759
96698
80698
44306
15590
66392
9556
39168
76447
27254
29340
40486
89139
350
50933
84494
21010
55167
28794
14329
22521
824
96678
1247
30279
1675
77938
60466
81323
70938
12994
48609
2292
70248
50599
17887
64641
91852
85839
48993
3209
38791
2768
40200
69952
34860
21856
83487
607
53678
99159
75711
16736
93316
46375
71086
19602
16235
20603
67173
29292
86824
80421
87889
70906
42554
60543
72927
42688
88533
22385
80682
63071
96206
51188
52853
2712
83870
4778
82035
52179
88342
15521
39524
22718
98767
85389
79413
229
97248
1245
92641
23435
93874
34878
17617
98223
29322
53602
95396
65096
87939
84124
45141
29965
23159
34896
24855
92987
40579
66024
14900
4232
28028
28680
16263
5121
87815
17221
19361
62183
66730
6037
11247
613
47625
75766
70685
20552
44601
21114
48794
47806
26832
51794
75546
11854
64282
42905
69490
5537
40178
25925
16447
10978
29868
96957
75937
82034
89017
36236
71166
25520
15743
82682
84551
49553
33244
69870
29113
84719
54280
43291
88185
64871
43169
49075
81050
7828
31187
61797
36143
27707
49316
42482
66440
64920
65032
45786
99122
15237
66867
50850
22203
79478
4183
79028
37869
78073
55091
51936
75878
74893
95205
33349
46212
61767
70459
43775
11831
10543
78394
67548
67887
15276
72581
74602
79521
85915
51903
35511
3063
61104
7069
84219
2860
54334
88099
30966
41947
6628
27372
98308
43565
31097
36555
32703
28381
87381
73971
11165
96731
86128
33626
43864
83724
32640
96187
69567
4605
97602
85601
42822
20064
60145
99383
54102
74897
2260
88019
91515
79950
24968
48665
91358
78827
50750
90049
80637
9632
18505
76135
30325
14130
28179
39651
64070
85668
59412
92088
94811
55658
3450
77026
87885
65927
11171
37539
76914
8223
65368
99534
42575
26821
14683
92265
55890
42571
25306
32085
17784
58618
53613
50429
48201
40132
45169
70523
69182
18737
16958
69133
64635
94359
12041
41713
31210
19682
38602
88474
68797
69952
50757
11158
92994
74561
75838
25051
54627
30033
71815
45001
92977
45239
66757
58370
19308
73048
25366
92577
90066
1310
25518
24655
61825
85804
88868
6785
36570
56846
68379
87415
43849
68090
25265
31598
23392
28283
97975
14555
31100
33787
40569
45028
12764
63176
89351
73821
68036
66912
16780
96371
66175
13083
23893
56743
95008
31674
16747
81070
98925
24783
32449
45329
92340
14276
59689
23681
17340
25447
4511
93608
7865
43637
84875
47441
13094
19706
35068
19270
56724
36797
97118
93837
8606
54413
42627
2458
43149
3078
87247
81830
79742
83430
87005
90844
6905
87637
47833
17616
96644
460
14157
78602
22950
7662
70042
14295
68967
5662
26012
19128
47249
55569
36388
57068
4162
8378
46562
8175
67883
95557
3035
54357
40993
48570
98224
92342
33815
64438
99185
99504
8156
32910
47116
75820
89459
45348
43868
46506
58247
28604
69118
27508
43194
77542
62054
432
83242
35235
46224
24442
47053
82738
754
49621
21147
26753
45430
52043
70188
40226
5393
59153
64499
2632
72498
46107
67140
46840
21738
14273
22450
504
57443
41257
88620
43105
48583
90366
60680
97300
20608
11097
36577
99696
90548
13042
52440
16636
2444
97444
40759
17597
13160
25599
8023
68990
89589
45338
86241
86174
82028
89023
47018
48041
99765
97303
42312
4121
13026
72868
86319
92654
21716
92248
84159
95892
58774
3837
34764
23728
99452
83914
57684
11212
84908
6424
82581
55970
64709
36512
16306
68575
40249
83368
73259
98999
25009
36611
53686
9408
67999
82969
8313
48962
1095
45696
2749
69056
79950
2940
39689
50771
38451
19240
59328
67643
20134
52277
67463
50613
34316
39753
44250
46059
41044
82108
31188
93858
34301
19246
16235
98057
83141
8420
73537
92346
70045
42474
60399
80940
37816
68101
31779
44337
74934
25948
65632
51638
31098
96902
7876
97633
93409
85076
57576
67510
84273
84150
37815
73527
97926
91724
98690
47730
39829
15455
478
64031
24408
48663
96015
38631
68739
57911
17628
63599
56556
32745
91407
62570
70671
61930
78890
68459
15324
54515
76672
18530
59577
81354
42611
27540
6043
88442
45267
74421
20600
38162
88135
90960
12645
55985
35158
40321
70157
16923
33440
19460
6167
87353
58565
35376
54427
44954
48013
45692
52118
72059
65987
3195
49988
2813
33669
2552
22909
41345
26603
85584
68302
11763
35712
17110
73248
64513
21856
36847
45952
35831
73886
61440
81281
41107
77730
23493
68703
9071
48034
75058
72090
47540
5976
6142
73340
41127
5630
58048
60857
82065
48505
43704
11042
68419
32375
60467
43090
6152
14232
35138
34441
15785
43529
65892
67041
30108
8980
70178
76635
92744
49127
53224
13772
64817
36981
93067
12466
7653
94612
2179
33814
20154
5666
3356
53005
10788
28477
63089
92454
86667
10899
47803
3867
52464
73066
63557
55464
69976
24253
82541
40227
38230
21760
54240
72923
6914
89255
82354
54223
21189
4443
53909
40175
15186
21454
45785
52385
87021
57406
40200
43950
36162
92984
18772
1195
79584
38272
39368
87892
34639
90334
93339
77919
37364
8895
51094
60913
3941
65050
15944
46637
39328
3994
15055
19721
51589
58279
72609
65764
84501
89447
30349
40655
14899
9860
80355
25141
72747
29209
49044
33926
95867
83836
4573
11590
26070
40032
83411
49840
28833
21841
69796
69379
59140
92433
7511
59318
39797
66916
43177
51584
87342
20788
85397
82114
53617
41743
49940
17920
60868
62334
6683
75795
47032
52964
97117
68458
99552
71959
63748
86116
23841
94052
37793
63562
38591
78046
88632
16141
85205
21161
36808
21776
67128
34225
86536
9179
74265
38621
39575
26686
90785
63308
26899
7477
83933
11706
76695
69382
38831
82792
57503
25036
57654
91949
18922
60935
28275
71838
96980
64263
25889
64378
51945
96376
52009
58551
57143
57764
46773
49353
39643
24277
13411
92118
6956
35126
74380
3337
82782
23294
77080
72681
25773
76438
72701
22064
42882
81590
29387
43503
26799
22269
28535
83401
72160
44594
15685
91276
1028
334
27506
61703
87600
3763
19701
85622
69627
88405
70648
81586
95748
42426
60078
181
94294
1066
38245
66888
59644
95237
77627
92832
25927
44007
91611
47609
44130
80722
77963
51931
51449
15722
91788
39944
15051
84914
34326
82986
76999
24724
12572
65649
12253
78056
146
80980
60151
31303
70967
79396
76595
27821
2921
19681
17712
84006
94289
48683
91479
12686
66403
3082
90209
26854
60143
67265
86459
62580
99692
90060
35528
54569
80273
15526
18285
96481
54726
62091
68596
40197
9276
54240
27743
43189
60745
63932
11938
10691
57276
76507
66402
78613
20629
10080
17876
95450
97923
32861
40812
52798
54312
79268
24473
8162
46740
19480
58076
52978
3184
85448
89321
13123
90938
97972
17926
61080
42364
22304
34208
28215
22384
584
79211
40402
17822
36533
72160
93261
3127
74022
5007
58262
15126
69285
94107
63563
23704
64590
80835
37757
34283
99276
95034
84305
8860
86636
77345
27832
46429
91667
46809
3331
73505
72285
90628
90624
18963
92730
89640
36629
20292
72757
78243
56357
82801
63543
45072
66884
17979
61382
11397
84055
13062
79772
55442
12299
87379
20295
93206
40403
38695
19997
91338
86096
56443
76472
38558
74729
48281
69724
51077
93254
31671
6790
86309
25387
20666
58900
11502
25899
30946
17165
69983
99423
7544
56743
6301
11672
39791
30098
29075
4290
75160
17606
85048
55274
89958
85645
20853
34503
16675
90490
43847
72420
74311
58793
64624
72253
93107
75238
89911
80138
26476
29201
10414
33142
67604
83744
36551
23076
74661
38896
45559
94322
10250
57579
96580
10669
16024
61092
12149
19304
55346
1324
21536
295
73137
16472
31677
56938
54037
92507
93290
41937
58779
37641
96910
22584
70433
42285
63184
1575
11024
14489
26560
99564
1201
79541
53900
96688
37397
43196
66812
12843
12289
51984
79746
36474
33120
21841
52923
20493
76792
2151
12061
16635
96572
39102
72958
77727
37608
91787
59676
37223
77854
36674
3306
49391
94007
28926
92024
17551
73121
22558
7410
38952
55898
73861
90413
63957
37232
29610
85853
92832
18704
3882
60702
15030
28112
48497
44956
35619
14696
86412
22980
17090
76691
37121
1409
74041
61323
10626
89992
18517
43117
39833
16065
14945
78303
92820
87145
64388
66585
28090
61383
27576
14448
66643
46186
52380
52247
57006
4054
7071
14634
82690
7775
79307
81194
54610
57828
3364
5094
84914
18278
72102
82381
16587
31830
43114
4035
56849
56579
75956
7288
89484
18990
19362
1773
24041
40548
83712
68778
25940
70785
13010
97646
88827
68580
39969
23265
81973
67839
85445
3988
57917
46320
88304
22231
57907
82940
54157
79084
69090
38001
69973
90979
54196
1348
31850
48545
47915
68424
59874
46290
43405
64738
97035
98565
19364
59466
48115
68303
22674
27279
87726
1398
64281
18353
61575
84274
69209
86961
79522
11654
43446
428
91062
84382
59320
85840
51590
25319
42436
6611
31390
91704
32812
38624
53261
71976
64661
98404
77242
92200
49113
83937
34378
57664
23118
80703
2880
17717
13477
59148
58057
70338
60477
85172
29305
18867
70390
18657
17363
18334
38483
85242
58112
85004
50830
11394
32036
31129
78664
88812
3782
90739
19571
71307
44997
60530
89658
95838
2741
47561
34914
32366
22988
6936
62248
1060
83910
34590
22439
71628
16377
2804
96237
37817
84086
85965
35133
69202
73597
3647
84547
37459
40931
79402
81879
2259
16999
43633
92403
35523
34918
40864
92923
9841
29371
21747
76143
69354
44683
87246
74021
1608
39921
69554
69539
20551
81293
18411
3076
57627
83366
60904
86364
93776
12703
17446
27586
51285
90622
2419
51316
11596
10959
43792
13139
41722
54090
87098
94053
38125
2710
70996
31147
96968
59381
31384
59398
78055
90422
21286
42792
6120
20639
93509
82569
83824
88071
39790
70711
76146
42906
60059
92507
79064
43610
66223
80727
46775
51905
92861
49747
13132
47527
9911
98928
20696
97593
76051
49985
82468
21257
89555
85517
38973
30119
17825
14850
78596
68043
35057
80076
44451
19586
43097
23700
69210
40602
5160
53575
92355
25822
61081
53316
78667
63545
36789
41708
64359
18869
20688
979
52738
2980
71719
9708
10113
29267
24511
7599
9865
39578
12625
45078
1118
64240
36402
53342
60644
65293
4449
71921
14753
31600
72114
89753
25456
57859
32836
31934
38633
1064
19778
18453
90347
79143
97064
24327
59024
14958
75108
74420
98620
29547
26659
12815
65161
38600
31256
54891
68025
85484
4104
21429
68111
69561
55593
26423
79588
35865
44279
40714
84985
58309
89187
35284
2002
82850
53004
82087
93021
84522
20572
52768
30245
39507
75652
3342
24890
76565
60129
95451
35983
21042
1768
90245
4110
78929
29580
8904
74178
31848
44921
35148
59306
70754
6633
80286
1216
95576
5885
92137
21339
57881
66792
57700
83666
3464
40106
99992
22703
81300
60423
97910
5999
83808
12192
96549
32866
48393
1466
64029
96018
72610
23131
49727
3733
80763
27829
52134
99948
76931
23692
6368
72515
6690
21094
43678
33470
26402
71458
51399
34226
67034
4864
72136
69038
24291
39038
27225
55192
91292
44309
75559
36026
50380
90389
24967
95781
48165
37879
35975
38197
39189
29970
26234
83129
92532
31857
35457
33683
16766
38318
66234
13242
33911
14731
27838
17388
3246
40795
74575
56567
69206
81665
2289
38050
21968
60816
76841
64514
67656
26749
46289
19975
45999
33375
63160
96429
3987
64000
5364
59121
67323
7919
70447
27068
42912
34591
84965
20515
6284
8042
32046
13483
10447
22635
18560
70745
33847
72324
7668
62932
45883
50590
37650
579
65080
86021
16366
46234
88553
24966
80519
3183
48355
21299
93911
95041
78082
1184
92792
23349
25392
77821
46599
38958
90332
84272
13215
34056
4619
82213
3915
834
26319
15720
53441
88466
96955
11289
40741
95836
69318
6726
39270
87784
25122
74087
99289
90790
53531
28718
56236
27550
7276
76764
18867
34883
35642
59341
12392
88132
64099
69177
55988
2177
91671
64857
56396
77904
38202
18188
44857
49285
84401
37049
1719
24959
62240
29265
36599
13830
4658
79458
91905
41339
19573
49513
76733
11003
75259
79395
25911
96640
71575
48044
59035
65272
31042
43752
14495
71643
21151
96730
9977
23351
35651
99681
14158
11128
79761
7488
31811
10574
55905
603
5555
62509
3632
2155
91145
16454
67091
17659
61558
70715
60710
66993
41010
86007
45729
34083
23000
78440
6129
15562
47798
6863
67738
22424
88070
94114
42870
68785
51977
25131
71099
68525
16058
14205
68283
88947
1241
65814
24823
47318
90225
4388
49301
55367
1284
56920
71021
86751
40870
7735
61429
39563
9312
30755
14744
30785
89387
99904
13803
83741
37181
70832
79096
72450
14112
32766
22619
55847
4253
85724
20358
54332
52321
17204
83462
72832
5648
74094
84733
24985
808
31009
5038
79253
81377
72361
52678
88635
14668
83591
42668
47677
49336
70464
71989
46747
36724
68343
79919
36757
53256
47781
24801
81678
22591
50410
992
63268
67606
5808
21121
19328
58689
21479
25897
96584
7172
82114
47413
55256
85775
47186
49341
85918
17378
1490
39628
58363
6768
99316
32359
58443
12350
21594
93181
95139
32595
90415
9645
95798
54567
51997
83217
86319
28488
65301
14051
34786
73231
26494
68985
38969
4268
77371
47032
44765
68972
80617
5670
23060
14314
36040
44151
96922
22948
7020
97563
66384
98975
82080
82978
59567
23135
84944
41674
11177
59719
8152
12955
13599
68516
39198
96178
88952
22177
51313
46779
82482
61837
62002
81247
39241
38471
97678
73269
81658
99234
20681
27204
59960
98504
95527
84677
20875
61456
84851
30409
58197
16071
36630
99107
70085
71366
22172
34225
37685
84409
65513
2450
62236
13306
82174
18746
75595
80884
60340
25993
10653
14633
96743
87161
45370
62209
29496
22019
33622
46976
87995
44102
99523
41486
1355
24431
13194
48200
12480
57998
22784
23826
99699
54471
20627
37103
45616
66178
97683
49726
36640
43899
46764
16003
28472
34213
33552
37809
3439
60085
53083
87215
40065
94201
52484
26626
20201
56032
25729
13540
59046
89046
21168
11109
17309
87224
41475
22796
85398
70048
90070
52563
88706
91472
12400
21702
45742
84761
30251
1602
14471
52596
46084
18017
61409
6108
27510
97769
62148
19929
46476
65490
31217
49745
17075
28633
99356
30673
19567
8729
53548
93979
69313
47241
27122
13708
73845
14980
78428
17286
13795
36553
53992
74234
45628
15331
54962
15445
19070
95891
97958
18571
94411
45851
65484
21187
18101
52193
90282
67646
26295
50504
99399
44393
40816
39543
20934
69531
70714
10985
81745
82986
85067
42853
54432
46070
14047
40266
87194
55723
22141
24267
87416
94120
99284
28796
12887
54370
15346
46307
20288
88040
36850
18217
59291
37237
52487
60016
90771
22468
33127
2730
31318
30057
44571
77788
30792
22069
78474
62457
16841
22116
40232
615
28663
9016
37414
65903
27428
29439
6297
62630
66833
71804
57655
45786
85788
98113
16469
74255
97656
37509
6370
25326
8651
7492
47229
57392
3141
56209
92658
41318
62207
63959
74917
41883
32826
46836
61954
17971
31201
10854
7543
57494
2883
27884
61022
13513
41811
48787
97516
8140
82291
33974
9991
73987
65776
37185
59267
84735
69566
83185
56776
47617
11154
83654
24959
47442
36792
74117
76909
13292
55377
20004
26122
78735
56075
53542
25613
17588
60910
31206
5112
48623
534
87790
15403
89470
39094
66198
96285
29736
49480
69814
91411
73140
18422
12477
11990
92774
37571
50745
51329
12529
45597
93785
80729
35405
91065
75449
56417
38248
85730
21969
74992
68670
16244
24622
69848
99521
94865
70534
65511
3492
63051
89918
13437
12002
95435
36410
12124
84303
32408
59695
37040
10752
98531
38061
75845
51486
31513
97009
39485
93976
34151
94963
29184
49427
79894
67563
13240
41947
57727
58319
94959
32008
80330
13324
68689
73658
49332
35403
81948
63014
36053
3416
98547
2627
61459
74646
52963
80389
23269
53099
19984
20220
34975
88004
7018
5915
35688
74611
62489
45302
49074
32286
52830
71422
17774
70806
6111
85078
99699
25672
97608
87243
70
55763
48484
83734
89625
94459
92674
3639
92923
92921
85920
46458
67134
34417
56214
31399
90186
97320
57737
5517
38035
83016
55860
66073
52468
66980
22413
93141
21006
63428
45047
47896
38603
23264
66949
55404
60235
85361
57409
86666
53322
86913
80345
93031
60208
69319
44124
55788
5205
12454
5392
81256
82627
40869
60351
48018
56242
67440
76085
80862
86672
73130
95868
92927
68899
98388
80315
76543
55982
87041
73333
40715
52176
59485
79604
37257
5267
42054
58338
60381
59590
24981
46189
2636
46596
1303
23500
29868
91540
8922
2441
43484
82109
11348
84966
37731
37385
25201
15694
98092
77071
25309
50627
63560
78292
57320
38256
41302
29884
12539
6347
96624
46510
70739
39524
33865
2981
15013
38364
20775
92163
83037
32003
99862
60782
98415
54343
83809
71777
45560
41527
5732
81396
19549
70445
56666
26881
10476
78690
40542
44724
94125
41068
20640
47210
94548
88166
19775
2904
2695
10270
89864
1869
47783
93613
28702
93396
18445
75084
8749
70339
89290
43888
43366
30295
35128
40714
22329
78841
68202
74876
97338
26442
36300
34551
7948
79851
49074
33547
11284
23477
16188
97592
47729
45573
52573
10353
3828
7901
25077
50908
22705
12331
93403
55486
44874
89892
22540
55130
61279
96096
55661
80197
90735
60905
93090
34567
64780
90990
30613
51075
12636
71356
95164
51208
90444
94499
62719
71193
76818
5967
85831
40450
60119
35682
2203
41901
42338
92515
68864
58087
49024
8756
15558
82605
90423
32134
72034
93964
90856
13939
79700
57020
5122
89752
45365
86103
85490
24173
23752
36455
11566
73593
13810
74864
55985
40548
55093
73135
90898
19916
48096
53963
57742
10759
97568
74378
60075
43069
2898
60326
35431
53180
31574
91607
85817
48336
75506
6777
39657
59340
70817
38852
51248
49139
99426
95767
98321
13831
7849
84707
10723
67857
62051
74016
99110
41221
18088
44457
56190
48888
9502
97852
94622
42638
50871
14944
99808
48151
6576
41665
79512
91749
72196
73284
20804
3891
69051
72126
60456
13585
33045
21858
34496
73280
17002
70995
84816
35069
98122
97064
31119
16618
75049
914
49961
5170
54137
63801
77584
3372
19292
8815
21679
90928
44565
94714
61831
64689
92889
34216
99137
18414
72370
43606
53777
73073
20866
60130
82628
23134
86880
327
77319
38045
73680
19287
90994
86360
92967
95371
1399
9663
1611
30132
22242
9970
79370
78337
15909
32755
60311
33419
54114
93534
56213
2880
27880
82152
57473
83723
65721
91330
87672
17865
16329
18316
38162
33898
54557
11873
29095
70988
19400
16409
76820
82778
17016
1144
29105
75123
32558
72172
87018
59088
5976
42138
27607
52538
85255
16035
2506
48332
57783
91667
1682
70036
82668
29753
53246
34236
7732
31171
69077
6366
64969
73238
51974
82010
24548
25446
98556
7794
59411
44373
9929
81032
24186
59868
9243
44654
8082
78494
87196
93790
3149
3799
53152
98639
2881
61611
89214
53818
80672
35629
22242
82662
8031
46232
45680
96379
88708
5027
49824
51011
69953
67674
17830
41461
39606
26853
87546
14705
30248
46510
25866
39702
64878
92477
24655
52398
74012
92640
43690
64700
14402
59931
24239
80610
40874
51206
37247
58538
80404
28312
89149
29321
26350
41160
53733
90213
38919
63124
72851
36108
89904
67221
70087
99425
18345
58504
21514
35610
27586
89304
50312
76388
94978
11770
66571
13459
80428
16947
50719
87329
35330
92904
74297
68355
25303
67662
85173
87673
76798
77695
30497
20475
22618
1227
45751
43298
53104
23157
96111
71794
78053
51400
81926
57685
94845
96106
75403
50899
44111
84397
27286
4000
63558
93610
82638
39569
1563
90660
38644
79637
33376
93955
90883
11387
23447
71037
65936
39965
57987
47060
64264
85448
40771
90104
11170
47188
70803
40843
53486
64226
95453
88011
50611
64859
14274
71159
40370
47240
31673
63663
66494
54410
72584
43764
75169
29035
32002
78462
58442
7610
21228
16990
7288
10038
77278
89655
7841
94913
92388
19965
89975
37693
22723
72663
65648
38651
60439
21032
84104
65691
21195
8944
95635
87698
12240
89437
76906
28828
94837
12806
42108
87760
54787
81831
70652
56148
23208
89820
64354
1165
23103
45120
1281
73352
87905
18981
67407
28252
51539
76321
94525
32150
55885
84548
19721
82971
83325
25727
23932
67863
39140
96208
47228
66106
5451
37638
94015
36169
25061
75956
55899
1106
44413
64239
7145
95972
90699
34702
37268
38105
72337
12136
30010
42266
38000
26968
72147
24858
17572
85734
72002
65282
34587
3433
69277
7058
89708
21308
63480
18796
86861
50509
59039
80138
3470
12046
9080
20297
16781
86909
60339
75521
37324
78965
34331
21145
11968
24993
87809
58787
4993
1596
98714
58810
97685
28417
44313
51697
21540
75824
15675
41768
27745
34660
69945
33199
96831
32342
31550
75105
92262
28727
86691
40575
33990
60291
36815
11386
55907
82163
51804
82958
97167
67047
84166
12537
6828
51485
84984
14137
73648
61694
52828
60911
39566
79474
47522
95795
2936
98092
8275
69761
87579
49047
37529
44490
70252
82461
34496
62864
19295
13487
75637
84263
72655
73220
82419
62895
41530
98025
76339
1295
90170
78828
12355
25695
13037
36086
57941
22454
28811
61677
42569
16928
95841
37485
91927
59274
86675
81822
44444
82567
63961
85423
44187
80772
5737
92020
42023
10785
49656
63374
8830
16732
57842
66399
72357
54183
4241
97277
85694
92874
67879
84908
11362
49630
99534
7755
94753
59995
4207
99573
38490
69
53935
74620
30744
84998
78671
14250
26960
54531
37173
93734
98643
79487
584
464
67026
60134
31775
51600
34411
18975
65817
79349
42267
87957
81937
63336
87784
50520
8440
84417
11619
91867
2657
93626
37932
57964
76345
17724
88093
82320
14571
2150
36771
1197
31921
85276
20730
34436
45633
26
12356
77353
95669
60625
91654
80773
96598
12349
4605
66151
25307
96942
36467
45117
94496
5284
70022
80974
37366
58595
25006
14465
48000
13233
70094
2567
16464
69086
23152
32298
82026
548
56748
27287
15616
54202
64049
83605
60634
82306
80301
487
25126
64852
46394
61787
4008
46292
72513
81715
82626
55133
74530
7023
93480
85623
92783
62926
62593
92304
94829
28381
71504
7288
47621
76942
74730
48354
41743
84697
84963
17267
16958
31543
77887
58351
55844
12234
4829
98024
44711
54885
14453
28933
95464
55857
60657
65620
16422
44798
37539
59730
22652
29932
5760
92633
30795
98995
89902
74043
87459
7148
3131
28116
14156
40069
19711
50786
44127
39269
523
25396
13446
38004
55724
80817
75843
55243
93001
87804
78500
40055
57295
6479
40433
40781
23524
39954
24495
66820
63181
57159
63050
46148
24003
23454
65930
11823
66443
87591
58691
73930
40320
95101
2299
51596
46655
80509
67538
36688
66111
78786
66134
51174
58747
82379
80113
13757
20721
20942
31133
8319
23530
45833
8265
44587
1266
38447
49560
68503
98632
79013
83202
26524
16501
75649
93732
8113
87716
4321
53895
26199
56320
48298
2327
64331
15133
60632
788
51862
92379
92138
24778
84439
50029
16281
66300
49038
5895
25665
61143
70698
70336
10303
14908
83648
62368
63698
52544
79671
4957
63027
33812
59213
7546
2866
12416
50836
57026
87079
6798
68164
94959
41224
50322
76115
43253
57158
97324
61070
15426
84028
27248
95882
57502
13681
13566
49756
44215
33981
24548
2956
79288
49504
52198
4396
70908
39285
37268
98523
6549
41393
22177
19456
31621
80760
62492
64479
3465
94783
41617
67726
12738
51390
97761
93313
29992
96252
36481
83413
80108
19238
20791
15541
45941
89053
18552
5905
63072
53455
50872
85226
15045
10241
64356
85919
44929
68587
28418
3804
85921
354
82578
22460
64406
71908
51500
94068
91060
88077
47571
98590
47513
97953
79683
35874
56856
54331
91644
54619
2065
86827
34693
21126
83683
78493
40441
95878
72769
20709
40689
91150
91069
95790
92773
5008
80201
15352
85250
61150
78375
15498
2516
82807
96660
50799
65217
18351
11552
94876
98408
41995
48929
27370
41662
27641
47540
80555
9331
72767
15109
60277
11426
39001
42666
78678
24286
62051
44012
59142
26859
32005
83091
33099
79650
95423
75892
44607
72449
47337
83993
16103
44311
95137
4303
20846
75991
96510
55926
32871
92672
769
99836
29145
80550
44817
64990
94599
55070
25401
49497
89536
94288
40219
39502
54132
2708
87745
24226
25997
77265
78203
7059
97644
16802
84212
26805
5915
33275
72445
59869
57292
29464
22297
3757
31426
33700
49397
621
59742
59529
74887
21035
18169
99136
56741
96692
26818
2760
14349
78977
92735
78019
82887
32874
87384
34294
81417
1022
62594
50899
45316
96203
58953
93490
85297
12972
52527
2403
53907
20704
68761
85919
8088
25524
22474
37774
28266
27743
55454
21802
65125
87699
21499
58936
41844
70479
24854
139
69102
85515
60384
49270
64883
12278
52006
75895
77505
98504
50135
93177
25263
69709
78371
65140
50651
44248
10325
91101
15054
30993
41381
93858
81658
83099
38514
98022
99766
87465
17538
88376
64605
73340
4977
20030
34694
53399
39247
58637
77142
24107
36059
24890
51776
43624
33734
60173
33489
59981
22602
35823
34775
67221
48024
95986
32007
69073
4371
64202
56193
54885
57795
31626
83631
76601
55335
40341
28189
91342
56592
86139
61630
11327
49511
2640
57036
25800
63636
33572
78230
53149
60656
69124
59034
23723
25789
54300
4210
41613
48110
64464
41410
40609
90660
15969
50412
87911
2483
29035
24889
73586
40090
28770
55560
68747
63417
1513
50140
71992
89784
6434
54634
6025
28737
63304
33320
80881
64902
43438
6979
48941
9708
47220
86875
34468
45029
35722
83318
88219
45281
79636
77014
38803
2480
92119
84773
48949
82393
10046
77786
27463
62612
47100
81697
58216
2129
14300
58493
66321
13454
49225
38955
12103
64630
24800
32177
88000
48272
53606
76655
12023
39200
1879
89423
53476
24093
86927
63568
73957
97116
15726
42024
24638
20732
9943
25348
38247
90386
40072
98524
20757
45895
33023
90115
68360
88154
23609
65429
74139
16118
42096
33705
10454
83681
88828
3559
1483
91156
84756
3413
11974
12
97934
96102
26110
83783
62281
73639
58867
40595
69004
49592
30716
2922
28483
44494
99939
48875
27427
89339
98593
60418
71954
77914
84409
59328
19159
97556
13867
34168
6081
66016
98436
15155
53719
9646
47225
77352
65895
11579
73955
96215
34881
43426
16852
91826
73858
6113
4756
70247
47343
31809
81323
87941
58411
57570
67819
44250
28701
39142
49874
13001
12742
43043
57100
39462
49441
76095
84810
39864
73515
67961
66356
68893
49627
91895
58162
75059
13146
14721
72987
57605
24163
31141
14766
86923
97757
37212
52902
75151
18536
49189
82393
63376
22348
18720
61356
3011
68379
25311
38635
39624
86444
16499
85590
64600
86303
43146
95337
79486
35241
5814
60806
50802
11584
655
93364
17362
70167
24143
16740
235
77064
20873
69045
45815
63546
62163
59745
72655
72309
3042
48068
47577
97493
17874
65760
8638
21812
22158
29697
65176
85686
65623
25651
5818
54708
77916
42179
96227
39505
44137
6312
80146
69970
26186
63940
30724
82544
27571
64618
51985
6383
15619
24452
73499
12406
7220
80349
21267
122
81068
82153
75951
66541
69339
69305
21490
46689
82282
46322
48114
37010
41013
37067
72342
911
63459
23937
65067
73468
77601
13799
30307
13680
26513
31739
95040
17706
55944
95250
71075
15241
80001
85710
8893
40658
88627
14070
71634
33777
88025
36614
81949
29643
26034
11057
82544
760
53943
96097
61881
30290
10503
45237
67575
59858
10152
29833
66935
60839
64053
9562
40678
73729
41146
35517
61716
93965
41441
64991
99295
42970
54493
96203
19808
74148
1734
67056
78723
22436
87987
55408
84035
94280
88949
88070
34868
85525
18861
1622
92374
2311
33512
36983
32654
97847
7391
94342
74713
55811
72605
78157
48958
49878
62459
38931
45258
93909
13687
44069
89762
42096
76250
72454
41221
34531
74010
43723
51847
62737
19994
13049
66755
83873
19939
22719
83706
68916
93004
40934
38890
3573
70518
71381
3748
74294
26158
28341
70786
64055
24847
7594
4006
1029
61339
52078
80201
97147
72118
88550
44999
96450
33072
42879
2215
70115
60336
11494
88719
39376
61020
42379
34101
23263
25495
30082
65068
46316
38138
66601
94648
50107
76222
87811
55297
17187
28128
59133
37817
16196
62811
45815
70417
12081
78232
55390
53649
50739
32880
79893
68113
37930
96150
88813
10
45196
32246
72199
768
44644
50646
13837
82966
89688
3141
58821
80642
51553
12662
86539
8996
3792
84313
67745
72760
77125
22949
80646
6075
74674
31090
34405
69044
47065
29194
61003
45232
61239
77835
23017
12785
31247
81869
19367
62103
94614
83707
75088
8213
32292
25051
26673
65670
8480
60969
37939
783
67520
68683
78691
77381
64977
40714
96954
16065
54013
34248
4289
86835
50945
86444
78741
17797
222
66270
83726
73428
30227
5181
90946
5474
83303
69339
31276
20353
57259
8195
51050
42805
77673
33762
77099
16023
60416
70143
17980
30044
77352
61618
41932
48304
51378
66480
81635
45513
22796
10308
74877
35664
68004
34266
31178
3749
97863
29215
45668
64428
1979
99551
88885
94821
50661
14123
94261
5746
62853
13062
8412
67241
62710
11139
13548
71697
63065
41288
53573
45633
5314
11728
33572
96252
25656
72307
52183
80080
41857
88188
6510
16474
81135
35549
70067
73726
7022
10530
73185
23008
73995
36135
48320
62118
24042
39167
8219
33327
57005
24226
41153
70482
94996
42261
42101
66367
68181
44954
60652
71238
72823
53520
53506
96701
42425
6916
30512
86139
62327
97863
56282
98753
37364
60409
86410
94373
79603
11738
99927
56643
93016
4005
11668
57673
76544
9194
34487
85296
146
59094
21131
11596
74651
93488
72180
5930
95993
12886
58871
63470
38883
37037
45110
7511
64086
92755
16631
81242
30410
91773
81619
38464
77477
26612
75759
96049
59777
57218
45055
90579
94473
50197
61455
4051
70761
37059
31932
19570
51660
37489
14812
69353
85051
11401
84073
51405
11418
73758
70154
45250
77458
49915
83936
473
56133
81991
72424
37343
94981
59665
66052
11382
7183
62112
68989
10832
21616
8794
29081
89070
72484
66093
35466
13103
30256
75256
37876
87466
65846
39582
95388
95949
63011
61662
26376
48159
19306
23152
81737
81269
2251
59956
58409
45120
93567
72575
38752
29253
71014
15896
59063
33527
69038
21430
81677
30613
79430
6324
99119
39605
83362
82478
21992
58656
81951
41695
23007
9698
22256
78168
53612
29107
64596
26680
88778
54998
53977
970
68936
21358
27897
99447
51374
70116
96953
12209
48253
4661
69367
75686
80788
68245
27600
89390
54885
97265
17654
68356
10806
15066
16087
46022
67954
57202
37510
58491
50635
71153
22038
89493
76993
27257
46785
14349
99662
18730
57008
55505
55576
86300
17751
58338
7783
73804
39718
34937
22834
28937
83369
87943
51572
98367
13111
5835
34028
9164
13090
73682
41178
12038
75265
55264
18386
8416
27292
73700
96364
22477
5696
67698
50956
88002
84338
75788
99875
2476
74178
39169
82797
20595
23947
40540
17309
71498
46744
8719
28773
32815
80729
17455
69810
20104
40019
64011
30226
60278
66605
19846
31113
39295
54195
98443
14293
62321
77262
95016
88122
41830
11980
49192
64706
41612
82145
11732
66860
48296
45784
13951
25565
1379
79038
12254
20417
25519
58755
74303
39512
1331
58687
48351
80634
13773
99117
28460
45374
54364
65130
19541
53480
8258
61265
28374
71021
30505
77490
42776
39792
81026
55057
87892
68328
47028
15861
24765
26325
14908
31140
66859
29996
1422
62410
97382
4383
9253
50870
15092
29677
82605
45745
43001
40842
79350
7785
18192
77531
2246
13887
59457
94195
73982
7958
16717
46072
37733
83011
64712
81444
82099
97407
768
523
69088
97004
31834
13002
30574
24762
69290
25572
12162
1915
67155
86697
80620
70090
99070
71751
95542
6929
9819
85487
86444
9912
20986
53975
37748
85197
92120
88921
21114
28549
12371
43896
16430
18067
24822
34565
3601
81987
2511
95406
62135
25431
33641
65244
52834
59528
75454
9780
97916
31779
78788
19916
77742
69616
36303
4126
61593
4868
37945
39167
47917
56483
62981
24993
21146
51215
40066
3846
19796
5430
92116
95035
9720
73597
64827
63880
77564
90460
84118
48834
12353
94869
41569
62762
13617
42238
64085
43651
20536
59504
32545
58195
79410
65581
86224
18324
59342
89934
84801
98934
76517
73347
79814
77971
544
38575
35844
83546
28415
74989
27288
66526
28146
84504
59115
7501
65860
30628
47376
95074
72143
66778
40943
39882
28194
65162
18039
47949
68278
17021
79131
49882
7939
37954
77324
27239
41182
27804
53020
88261
92592
16483
67713
53937
89304
45963
43517
38637
92781
88880
4315
35209
7439
75942
33628
50324
33106
47914
1287
63243
86642
16288
3126
76033
20560
34231
90726
46503
27624
59655
48375
26680
91708
32664
56999
42988
38051
35505
90656
19613
57585
53971
11011
4862
54276
58263
54920
69625
87098
73971
34903
79524
59632
91021
32440
61563
60282
73179
40178
92020
98143
79648
95639
8201
2633
90037
85885
80363
52177
70953
17625
84631
58328
18266
67495
8139
28701
18859
51450
52539
94079
8937
71036
45548
1061
75372
47827
66903
98835
35329
67165
66757
6553
81386
37853
86667
55832
17446
44445
86741
25728
33751
93635
34852
36768
39947
19842
21825
41101
59572
70946
13
37686
86349
75384
10841
33961
55799
40736
71791
49933
27039
44649
40755
79055
82498
11893
98904
27862
77674
42962
8482
67115
95697
79189
96336
67014
89619
57161
57513
79246
29021
7002
46407
39873
60783
21336
95571
5268
57955
30695
70012
49257
25946
13356
11113
98862
68441
12620
40938
62563
14523
718
35153
64139
90985
66515
20002
18617
9196
92428
66155
52023
7303
43681
75424
98633
4809
30125
66385
27363
13136
11807
8016
7798
34897
28073
48704
36740
66699
71638
3130
70408
71436
81327
76543
68058
64725
88710
33130
59215
74558
17154
31638
60479
21905
37462
95692
46898
73283
79650
79331
89753
31919
92372
89194
50539
26281
13089
76500
10301
22038
3726
68864
99172
11640
24831
97282
66483
92449
48596
46785
936
9706
57329
77711
48451
66550
32453
54372
27844
44066
87317
71369
4025
99209
88808
69179
11094
27816
72963
81127
68955
37591
9841
67176
55120
14933
4467
51124
84174
46767
78999
37753
14635
6061
55659
91585
88242
8608
42421
94613
97774
7186
84357
74700
62941
74856
15787
82943
34238
7774
81439
50331
1887
23812
33708
73402
93454
16573
25069
39458
1317
86434
5120
52826
83765
89588
35788
17210
89951
89770
82294
72521
59096
27397
97324
81558
74840
1044
91742
73611
14889
45691
97261
47937
29848
77768
30108
71743
77081
27340
82162
85233
34533
84801
37874
56961
57232
66640
98177
30415
22315
41384
18157
87057
52023
55574
63720
4322
76963
3850
34830
39959
40906
36164
10545
98750
47676
1439
38152
26927
52032
79481
34465
39930
85181
83722
50940
89153
36368
91783
30328
55059
87898
15149
32215
92205
90544
68008
58852
61503
26893
96256
63638
14089
77480
32175
90267
43772
75420
92203
59101
32713
82331
38686
52013
6565
92406
7359
3501
78108
77904
97987
56661
15300
36472
31515
61839
50730
42540
30375
55846
39838
63946
63997
71319
17831
83987
50227
90996
6314
56468
71068
80556
36539
64658
68772
7813
61739
59200
25628
85829
74629
39018
67813
75674
79710
97467
96781
61789
93765
36760
66421
92775
17856
63822
70943
3439
71690
33545
17477
56804
78889
94044
23042
54189
59656
87107
92743
17471
61912
26660
65229
85389
60038
20576
19251
48037
69209
96126
8134
16685
66121
49377
68962
17996
48766
59330
4682
26279
1543
94697
22239
30987
52556
88580
75073
98502
36399
59916
42221
39965
88311
80270
74215
77164
77627
2247
43807
73025
69094
66184
33159
85112
66048
66003
82618
53513
73484
73204
42656
73651
86821
72806
74763
51490
60446
9330
94500
79960
10888
35610
94205
39520
47391
1932
32925
45016
12711
96701
12118
54744
32142
51969
75021
43141
20162
95804
54049
56384
34561
22137
65675
31256
30254
24845
74831
27505
66434
27355
51333
64201
13070
93731
7892
78858
38964
89879
12109
77826
52037
44066
3527
45494
36456
13614
18464
88166
90547
20899
62116
30543
50592
37608
16173
97762
60410
77301
74904
13692
4292
44417
34417
43572
13094
63316
38205
81427
89766
97473
17338
13725
65593
76449
61195
51856
86829
32552
6971
69807
42796
7112
10446
42425
56868
77791
29834
10879
24304
31666
4367
51030
30150
96339
41675
53217
41115
82342
10204
70031
60832
22695
70611
85712
22654
62506
21988
64822
44214
51229
19824
16611
86216
57765
87615
43760
99149
52811
15696
3995
30838
43090
56565
10610
53157
94113
41697
48090
99966
91614
80040
15405
42848
23709
67788
43025
88267
8752
31311
78490
12817
79943
49580
99030
83568
73917
79893
87859
39199
13786
17794
42410
54365
24942
33229
70639
92998
2741
26748
35744
84649
79133
51295
20257
44376
28900
42435
2217
87756
60580
72691
70309
60667
30737
7493
79358
15757
93512
