10000
5142960
38166186
7876110
42453134
38026572
78247039
93819635
99118517
30343272
53616345
98125185
21505038
6648133
14649440
66049799
3491725
22466266
46845900
11574799
61261921
29694607
46502333
55042783
16403300
22345002
8063426
49930656
58824377
34345813
53284718
46241486
29713210
75531131
60617919
77093330
47126956
9363791
33345329
43136945
31157681
46464473
18650196
91005390
34207188
13195944
55024719
10939693
75483053
50418365
56480988
86618295
41749051
854511
59677889
79354579
8315744
73992432
16703378
11637175
6147620
76574065
99796942
34439445
5926077
97970662
35770529
22706655
25876309
84851319
16543087
26776475
46964333
48315759
45260040
2354676
62035542
63039992
61949090
34406772
19945790
61372450
28028002
12166096
60065988
69978333
4183529
54779490
85795937
71501968
88580665
38028180
26808625
2603350
84114039
9031107
18287939
80912778
35009818
33342299
80070264
1013498
97864891
89487681
83740103
54845107
48913118
93464782
83532871
65865713
89850661
26806521
17740771
89947080
31662330
6450393
30023847
57872418
40688958
36699480
2462911
74192129
98632330
62681600
83399183
33262851
13127761
36879315
64251678
37717634
31026526
64430840
82608952
67287669
98467194
23080499
28098708
49038351
49434934
73724874
21636772
17835905
47104151
50719786
38194424
87557249
22644373
6198569
81786216
13234459
64656340
77550152
52500071
87379567
12143261
51876808
53235905
17448070
47206966
40045344
57248573
32535028
64831808
39113250
34537119
94491500
38724027
70475270
30968223
93354790
5062164
90495442
41380720
29877874
6772309
86588108
46132799
79366417
14438125
26059725
3535145
92520121
59024822
64230163
93100409
31235826
89678114
27892438
466387
82259990
98353620
87724191
36301591
5122346
70928363
31097252
60264664
3014138
59430650
67713236
24434114
26975188
40599762
66352612
51695678
14774890
71910168
30549731
39101751
13116270
52270774
93511317
91686068
36720045
48053727
40984792
42118202
18259742
61467135
51830718
43648196
33325377
12193009
72078512
52351704
42248547
109577
94681700
83164258
25762523
79594616
22552169
40663254
45651059
2748834
97296536
40204017
57509888
48562650
34682305
43324728
19313872
69358037
54006309
90105311
40083525
32393901
39985146
52636099
55631996
31978107
64530734
53309343
6666778
78059300
44387968
4763055
10128936
16165513
30648452
36316526
13117436
21661173
61800507
78713608
89247313
85028618
7611147
43747536
84743747
52407712
45526854
38273464
48198566
31345407
21268771
54276406
99148037
45446108
78690740
13920919
11475604
80612069
45307080
84007634
85265121
4875489
94187264
21605693
76513448
83095751
14558161
79446563
53492980
33649027
20338283
33163605
68680760
41698755
55620405
41055856
67870157
11589960
32400916
56580812
64797790
55440612
75679806
88720043
38686442
15393217
29610102
41379706
47115437
76631584
79823959
29765618
84360815
12119224
65575840
15213771
91650496
40604842
92478162
75520389
78652599
79440380
3255977
14550259
84805306
59119538
8318736
99908676
48279830
62287563
40727228
80213014
31614586
37241690
31466412
4399178
68353335
63684130
85669839
43433490
12454799
1851332
17036299
20474648
42495336
44233199
36715864
14590167
33807720
6773083
72903056
46142934
42929651
18206916
37064911
12867207
99564528
26111069
2913215
60098807
91886293
85627902
509483
37147413
34957007
37875940
95839291
70808017
80098148
40756080
65563839
4576442
32514333
59456109
74156727
49000370
17235345
72016271
11338587
88253509
90595798
67572348
49512398
36293897
97920789
90678080
35071239
47838829
40138848
65412182
75733389
88862203
73635457
38909779
49825010
25223218
54325179
17658196
81182409
29163065
87984955
59456192
45691252
64830141
16178010
69663873
60098888
47747136
27618509
16739209
73438988
30271243
78899223
96430117
86978743
44202476
38275457
34873326
6527500
42910283
71895640
53355301
87467218
90081923
92916699
39677251
84706144
43036939
20014295
56660864
73896162
97402892
43218747
69945180
35669677
31987796
46684810
9884023
16030747
24031271
38083724
39672946
8618141
43856273
66168145
88028339
91534483
27422119
50868269
45478505
50405032
29801003
46750480
84687471
27267554
83870552
59869972
13768400
64233098
6896242
89331876
46313369
51979558
84387823
23931881
64720492
21349392
17505393
77007566
99237505
35651751
6091826
12710823
79504772
95084096
33512578
94304191
93325407
92827110
89928775
69573940
81961289
71375734
79651544
77263837
79731403
84359645
18222660
24748288
90601078
55742627
42531710
80184053
49873519
67891483
23367103
41291634
74010607
57288761
70740802
48809778
31818196
47802703
71633641
61406980
67389856
50584216
49448186
5625007
16979807
87525209
37442371
69373655
17522285
55251376
97938434
65882585
86232677
60415397
79219843
46678346
92560578
69823614
48491243
27386466
3014655
49239629
88693777
75589241
6384497
66991980
43894311
60145949
69547482
65861267
14326444
51369936
77734580
51084569
91583646
91553419
58551340
20813764
97305195
93451494
34629923
3298460
1272651
90899571
97663722
29298021
89382751
79459906
90384054
50459724
70169665
7331811
82631497
49648250
62722956
89246619
43854942
26330077
45367457
94774713
10304312
57769052
69832709
82390473
2560111
28388827
36351836
93778637
77864562
28922528
35990580
21777541
57076060
77841524
57968388
26056462
10137033
90124238
98756398
42123958
31011940
23325427
23301793
97535867
84712487
34640094
24848182
48885046
51865358
68451356
66239813
70875119
87609983
74218859
86261797
58347623
30684155
26628189
5768780
56180532
25784724
79933377
82936327
25165149
82537034
74321838
98339327
32546885
15839101
93511144
18917473
64830768
1957806
90601349
46783790
67087329
42394628
52343821
17319809
12741906
15732016
88479635
10195354
46927289
13954843
11133911
50555521
70127965
89373371
85142260
45706665
16285475
37328681
51244052
58545378
15520947
91981152
40659774
64972755
5580129
99911666
85650709
94288976
85668972
5600316
23553338
7046499
42373075
75504098
36271451
46864164
80486849
49619952
72508100
93758316
65036079
11756665
14420359
31263771
91204250
91531622
75131586
44998016
88464208
71359567
36946691
98310233
46273674
68211652
39608142
87370549
36614976
42153430
33479022
4087321
12011566
67767146
13064774
58493625
76970697
81583547
51153473
56612200
8317039
92297242
14160415
70107025
73773965
10315780
50783264
15355368
10521357
37384351
38322203
24065012
14048772
58763719
43555704
79736001
24160438
63148659
4420814
34089808
44398760
53802622
51855266
16741439
1857050
5196742
52510275
42482454
88975348
2328234
63791756
20888456
3707291
48104416
3616542
36859876
97678922
54778562
33687374
83704856
88893501
23203085
81561609
98306703
70771299
34597492
10753451
27480763
85572129
39804614
84310528
75451996
52659143
11298935
30528507
13834772
19075149
26574379
45511527
67466002
96023594
71116907
73370004
24689832
57467552
65162248
55383492
22145333
71309224
13584555
33354495
29570248
44798711
51257597
91330921
15324103
64939773
64335998
29766223
65732915
39613262
89532875
95444814
81404197
49608293
43032738
66709293
61353205
38831370
92443790
61063510
16308225
2586923
12879045
13580261
12820643
78394369
98200396
99838617
62482941
47202799
40271757
65700375
24374456
11786949
32430134
76936627
25788550
22610417
92195521
30678839
2143280
91536610
49199807
64606261
73085312
41482283
60589538
95989211
64967338
49273264
43204083
71912965
3780326
59798931
91265756
80484864
24370705
71699931
70589586
82535227
64769906
10881269
14354834
32885739
12817277
1628742
25283653
93290515
41224114
92839693
10878669
66592911
28078290
99172465
16635842
80548399
3005166
79334098
37951350
61938664
21509737
2606625
31342856
56776110
53253335
30169699
47767403
14085643
32145021
74810125
66355301
91398902
16222314
75508865
76956190
75946921
40126374
35549087
9559969
36943235
29679308
81702150
90126099
56727375
48206009
22604194
53720492
60301807
37233336
91364773
33035787
36670109
47229655
37990009
58418549
19664075
82659547
98030577
24732113
2820111
56651269
79287722
24921134
88746546
50247779
56208518
733556
25772186
23803491
74529247
14822710
53475257
47268558
11977035
79959461
63746556
52350900
8275990
69908887
34747716
15807572
40270065
69412629
15170202
99434286
58920833
24189099
87427921
56315048
44740550
74647391
56862875
31052753
51825705
65833635
26619839
89166804
98938481
88487155
81973283
26596055
84758368
40327032
58984723
93155973
80600879
7172921
78199607
44719873
23930422
56590363
17372602
81294200
59526625
63235539
65048100
28895875
26944843
1407073
48854764
60455875
37922760
84956178
57555825
60156573
47251722
68049991
73411656
11163047
88957161
21876768
57031569
88993014
63980223
52388990
1106847
44331933
39562378
80373631
37974102
54220806
63206784
52932846
23339579
56809716
80902674
16821494
18352404
18319515
27179343
84519389
10873881
59082286
15589600
7109142
46234186
82782422
2560573
54041619
33154577
54474222
90125029
45290878
25333556
42097763
64168357
78014326
1059068
62136754
37830320
36506616
13746392
69798873
93945790
15896739
12722000
32524627
75416875
18621652
96447139
601524
73234577
24563405
559960
72663339
38422051
500467
43034076
35492421
68902710
34864133
1263379
93396780
90462322
53747398
58331592
4604370
82937457
57984813
37239586
10006085
66008926
40435915
66314695
49026494
88242222
83564104
76074783
33259765
24345411
61604127
90752472
7789233
9694159
92671346
90065630
19960797
786640
83379356
5882554
52703732
89441130
46454062
28106577
18324421
33834127
97251166
35046699
9621891
18209734
25749014
45933622
2840026
12937106
94512264
74039311
48697988
13595079
60608237
47114359
49204190
18122031
50055065
64908145
41394531
55566895
12382239
40750245
81995682
2134510
81527500
79141184
76070047
90787597
2964332
11055170
84074265
2600943
4349958
64648731
70377015
6853461
16294565
76513517
64716555
51031737
34850157
62497208
51752630
97895589
78387714
90087537
72957844
24829931
35643559
13586001
95899368
38109783
76708066
44938958
96782961
45437862
10444154
19884924
36330067
4286966
57864322
75667356
51461627
46788583
16327979
31176926
93737941
54410333
7226143
2570278
64173580
57298343
61386126
53917127
85355491
41718926
76463198
8496409
47862636
90179418
57584844
62135959
78316021
76112176
99632125
97798979
83327802
18225415
74707907
31087732
93175939
39840229
97245645
87576935
10036211
97292390
17592094
65366785
80785680
3636719
71920780
98321941
89604512
28443671
20204412
23726044
55301647
1712023
60174026
11258950
88869491
57404022
20830750
54516893
43555456
21335616
52879179
96322173
53255782
57656725
41962961
49371018
49161955
42124208
81082557
37564089
97011041
6190079
50094631
5546232
68803063
90540909
68414977
17751609
42414785
95842788
48984219
18779659
51516497
370089
34996811
66367912
42012380
19429006
37379479
74937486
77681352
16994657
76005922
11492302
62556618
1654945
5905679
41883004
79867627
14381250
5264143
11384963
48463798
7106407
62770363
35313743
21354061
39816247
64161592
5166826
554568
32383888
35959616
97664288
18832923
88147195
80366610
78194371
7072904
2461237
68024139
18104961
76054954
22234464
40267658
54556458
62395779
59371497
92264366
98719865
76922461
48397995
11581148
42851205
20714231
90392420
56515249
52702290
24621146
22024960
30309579
67507409
31445967
11649443
88081607
50004975
93765193
67319859
88708224
51638598
79441145
95442889
7225637
83187436
85250185
17049916
92790807
2820745
85726878
39672992
93387401
80558378
88594322
88914053
75999090
6305386
93716347
68882752
54180720
30503320
71372062
23441324
71133574
52191395
96203693
18716058
67983147
78175252
9437132
69555575
25170293
53191302
81765697
17465712
19537557
35794874
22537403
45096300
21517195
2227952
30163498
19090703
22818784
2022645
28665465
39517358
85933927
72935660
49659350
8860796
73230921
52719518
38246436
66209330
13640939
39195824
67954883
2505423
61061320
72322218
88139684
28303199
98716804
50998822
49310912
12356064
79409394
21712119
85087353
21125881
24966535
83447875
67957344
59162278
7043080
37257912
20973673
88589090
38881474
44590092
90311215
77413928
62239210
89626821
22564348
60572659
36641374
78214729
47853657
68251059
70385796
65835382
61717036
7834678
50259624
56153684
75694002
19324301
16665841
73880531
64062302
29582263
87605998
87100837
70208981
47353670
40418665
95749445
31654055
60133017
87768541
22740804
93040493
23434310
15670934
34587140
25723216
58463446
62151516
62473522
34220924
26614153
10021938
3541532
2587930
91811034
74503269
19196674
39581200
88040422
83270861
14201467
78623339
10042074
2454506
65829902
88447558
44305813
60747066
217843
97504582
44393125
70855938
86512365
86034353
71412376
80543915
85220649
16316275
83084139
96327410
25918956
30944374
10953645
91671468
43545154
58936500
5493900
55166666
96997376
6141818
79837116
9949925
73167398
1884360
7282525
47529910
62432908
46130378
670877
6723671
17434947
88063890
56950731
16401648
21677919
42784131
83317901
42026187
75545813
64213754
111713
83842934
96476193
16975981
6671384
14760464
61078584
57268466
24082174
98690786
85562487
63518741
18440694
35210254
52415016
48547810
47015462
31168103
19415842
46463553
95304529
74454042
40074204
47343963
18657814
18284455
54540202
84330926
59223700
64314187
22283008
20576881
13848443
13886906
19615378
63786401
94723134
88666336
81616016
7765966
88813280
40344321
216792
73529213
74998536
73105992
27460833
60170718
17948438
56540634
50363636
82234670
69784342
32779098
64684772
82082147
713763
59000220
22917531
83456509
57847781
22602053
52972798
83999273
19306386
88628577
70134115
10188391
64788136
79311690
8089418
97138379
80431165
70381192
88640798
91239803
59362312
82159787
2706423
28455725
3304700
99751678
177847
36803250
4345877
2506233
86842322
12528255
30772921
84925543
55745438
1797581
70936126
70200751
31857932
56368547
12445227
7937511
27914894
50672865
22473863
20966021
15538786
48256557
87409433
34035952
38730217
23217321
50902737
16952354
28912046
3882884
48077262
9944249
13212332
62659826
72891696
14510983
11834305
63931691
20474867
16013602
27887059
13807361
89456487
52960889
45156157
59760987
45491877
98667664
97324408
85428966
67547942
2740897
83720692
63756916
62526091
25621082
30883967
44586313
18191218
47077402
6797664
51711853
73722351
84162037
73740248
35258212
66803303
41809960
18537169
65137698
97792874
31483090
58785521
76649988
93439113
9036302
90569264
38674721
82112310
74573928
37901309
86034282
79217004
98004838
91398576
76687961
55498092
18425096
80732321
92148647
37885044
64448178
80364169
19274789
24856164
56310425
31964198
77295192
73315909
10639994
10002959
98735589
28453916
7192564
36000754
86153345
65328738
20399739
52917256
39898221
67469178
69482285
74836790
52956072
63085013
76468468
15453496
42643456
10894987
54857069
53612121
4155825
40716660
57320667
92685260
20376963
19534630
90353697
53537628
12182829
9755664
73083341
38872784
43151393
80998286
47049996
71018688
65756480
35542270
90678266
6947823
57588935
15453862
76784708
51590532
71602825
54762957
76378147
14098186
19593985
78127629
41407101
85435701
61237701
42241718
635635
94686612
89289215
66183141
63163499
14952350
74241085
18090018
94781068
7279108
82174835
34899163
43032959
16675516
87593769
31476074
66766243
70975626
50098983
8580090
97347343
96088250
94628829
76534798
36369531
70921801
17174682
47105650
88106543
93144361
55290886
58274693
46286405
4890528
74853933
96194166
17814729
21786357
61879141
42728067
23672191
47189561
33033893
40949534
22056123
47119284
66115042
88128295
35060530
76260694
5611099
20084649
64918338
365185
40044561
62175431
39982713
53951582
26483434
6821931
98815761
73649108
70377759
27300182
10225786
581927
46668353
28666123
18688790
46867826
88406995
70004905
19696904
78319372
15233820
23989131
14259221
15855404
40639290
61517551
8138101
94406777
49258964
57384125
38319062
90718694
1986383
76590465
68006384
22020472
17313429
5813427
36205363
75102720
77135867
34962922
26358626
94448523
44189851
7742655
49050249
76270408
29106507
91243943
47688123
24781419
28665048
24240602
39842580
12273511
92407255
10189170
82527498
4942201
3370533
35579835
7798906
55160896
59183240
6485436
87993660
72619143
71837432
39144062
8091180
29989235
33447628
74942845
8847664
11726455
26413389
4375418
76575374
94566451
96846340
25345738
6714750
12899994
49403064
45688083
50327534
9336658
3051726
79448832
63130276
30986004
61090571
86045898
37193149
3145970
72494897
92519407
93956762
67314378
10238764
11449722
38525778
21723310
63394043
60144648
89828223
73670648
83301949
84219278
7365678
51312900
50689253
61293001
1764947
55867344
97391028
80517850
84118372
76545067
18672641
69568374
82530972
45292543
98814834
40359462
96587655
70376956
33997610
15368188
27225393
23164202
66521103
57283263
2729215
56203461
17303157
3343533
63380952
78655504
74252069
42892886
20269575
93462709
83369914
60317799
62597419
37539339
22534286
48511457
66423844
22232698
60564943
55674715
4208015
62421220
98408387
8332837
79604427
65232627
87888123
49806113
20094189
16927999
79270800
23279237
59650094
25243006
25113799
15074333
63867770
88160458
95241241
56911650
63605713
42993683
64770851
69221507
38857161
19737854
10846734
9623517
44261802
72382256
6189209
7359886
41417042
87557566
64963423
29883513
39301418
26416084
63393749
15988
98281299
69584745
49784532
78793535
83661203
72663976
30183118
88949948
37583111
16138436
53017715
58916339
11479514
74253875
84466280
58848248
20724273
53724933
448044
42556246
41446716
63606070
21041055
1739759
65143473
18457307
91863044
44080865
8762177
19414980
96753980
94358827
81148396
75413173
35349078
32936781
67284566
29329636
75430462
90565047
30144278
51376643
10184031
96873837
77402025
63192006
90525355
15545642
80401273
95841931
67152717
24626088
81731457
17288400
4819813
41266536
57134568
81617954
88244444
39285326
35849075
31176287
24949166
78558259
10331203
4843104
1325402
54919341
37429136
84631013
51813958
30231705
95886505
37090684
74911475
5352971
4755211
15456138
64767164
13000355
21946973
24307329
91220584
5665552
89448722
48090955
48821200
60677200
99518898
38895573
22134500
26081161
73237024
36730515
79934644
32465160
34503830
66966694
7529250
62686279
93704432
96716082
718965
6882413
41690207
69919584
53640444
9656983
77962304
28137901
84929737
39354136
95016311
3451641
39710737
4065439
54058421
75772331
31352716
67451839
58394335
52861421
71998641
94965773
1306107
84878775
66193831
33339345
33403309
45887565
68585285
27086778
78937627
86622129
97303320
41624324
70593750
797147
74090304
44977477
24749261
86664294
40612997
36328216
11983070
79306974
78883670
6917602
72128013
58563575
66858534
28991418
60864729
44822944
68796558
2649624
9187585
39946949
85594977
58593836
16545322
32609418
61582653
28448876
73339817
42394657
47493171
83896162
68397188
47898367
27670150
86767814
98196760
42650811
78552247
3624523
66352403
13219306
838257
15372869
25180333
44237987
80126639
85397603
72517623
56225376
34950553
87619993
68340838
84434979
62753398
21398061
10942486
90570206
70904463
77711122
69629103
12859793
32146814
5774368
65674839
25975916
47487977
51563952
34067672
45010947
82905824
85208273
51681096
87930024
59279643
59521827
67394541
9530270
15512392
90929920
2859362
92654633
79243054
55363300
60039915
71196327
35670526
86722553
76715611
70568536
40166388
19368878
63241822
30076294
81335716
21430445
45520577
69731840
34516866
47848450
90015873
93723638
57554758
85572056
58781837
17755742
26709892
62803498
46230438
84245481
92025930
99824728
96159938
69780968
23271152
89973811
53623164
71738903
54204261
111952
11774217
9075697
26031589
70939069
80366406
63926551
82202114
99116985
25400068
79329648
31718077
74353843
46476820
82738933
90281526
72194024
90688426
27708993
78073993
46463113
61730987
62999681
81282158
26805406
40056533
26739236
8857927
51238819
94729409
13666503
37210234
65199253
81379173
57182425
69202334
1103151
33936901
58586693
15496208
56474907
55188429
55628868
67102768
43248145
1593337
16068309
74251118
77063952
33552425
32404459
67721181
93600823
7637231
40471824
29876984
89404920
45973071
76814218
79573000
11837332
81819017
79733011
29604280
79375714
83641821
15217186
47874967
24237872
76536862
16953596
99740000
18957736
92125558
22331374
86447207
28404869
45865260
49543752
6340795
77933168
17326708
56518572
35696799
38171526
53336661
17034126
82988946
90404197
60307921
981231
33864479
51841073
46073319
88060326
24704011
49768852
7551746
10288708
22490602
61596010
90543898
34599788
56880579
90986452
66929263
14844377
64363253
9863500
50964948
62694013
11136355
28956698
21599754
19088368
60620187
55994430
56579708
40114240
85547195
5806331
29328821
51502234
58634677
86207818
237174
5930587
21582274
42212786
9552125
60740266
6803270
11033795
78777383
7632931
87796510
30618356
23095295
562501
11490297
36770827
56967451
12366551
20928787
62433793
57420756
24852732
56988844
44047516
91868642
38224045
96127757
91427342
58169710
53014293
840848
69774381
62801425
26768967
32670708
88238539
15130616
51894678
33121220
31624106
21211909
30995427
72819779
39752659
63890741
37174856
8931510
80178175
39957753
17184304
52621315
69483433
41858052
49631146
44951843
1051817
51962163
92944453
4297118
19399468
28703138
17988551
20772613
19290622
15044277
6650724
99056639
53097401
49023143
12371448
50402616
54656105
94810057
69231032
94331411
84453266
69074936
20694582
12210669
9280909
24064284
58325830
56383502
10052636
94631238
59343435
82482654
18628744
68714168
47364227
62841587
65708884
62423173
49616228
31661449
96484245
18452519
49482801
49488596
84876765
57946339
28362215
99853151
60047354
73663288
27892589
38430002
48128205
47285468
19613527
16981980
59673603
42235966
39112030
82852923
33493281
10805351
40389195
47082128
55054166
66771464
67639503
50831498
45621377
32207531
77038284
13056804
74377853
32512527
6486974
87994702
41115614
47698231
20958814
36456480
63260023
57161460
80025603
95532446
48617278
22136456
21134256
98642201
9949516
70203904
28629473
22083918
71674898
11769069
82294604
39486189
28213274
79737575
74147424
50064636
64127200
98239634
40684938
63667043
86136024
43994351
94879243
64033400
13836935
94747754
75953362
99896860
31545367
57550932
40811099
37239129
96044196
76336779
44836391
9314051
82666921
32259129
71283772
47383495
97374287
11818615
15639704
63571281
94747281
53837094
7651659
99862655
21597442
39541426
9036547
56930072
89584818
83731805
87578648
46809141
69463648
87221505
27996535
61612858
47563142
93168721
3036896
84941142
33989919
22330413
69135665
24288525
33598071
48514726
69673285
67560531
45717760
25572851
82911313
45586706
36895749
52936555
75260751
57338911
47986580
55746690
49294081
96302780
63936988
39595276
14993406
2973220
50485261
74372750
64807673
97517531
31736360
13093473
20725905
79788573
78291757
82789868
85571515
66686811
23510469
12218446
16788325
90532356
63652025
75962787
24890417
64677668
41285585
26620198
50024734
89938693
32572266
41410342
45217624
92039918
22838275
85988006
14108473
71299436
20046494
73283768
26857711
80703773
14789434
56161900
77387537
58914555
38446038
60109938
70986753
91715407
5618302
50381989
36759329
50770604
18085987
94098816
40428836
48100905
93321228
57269668
91303508
82865256
28321877
2519780
24951386
15472632
8577423
61883539
53637449
24207063
17175662
61897965
42852864
14332143
12362765
91864331
36148212
17853420
4936271
65496917
407276
50509430
63214968
11518894
14607583
12809132
52842789
70036712
98359884
99950179
32607890
60199988
85838029
60018480
56111304
31230834
98701854
75360673
48695593
86234930
71967201
4625972
96767309
89743970
46313082
56260742
92089287
50176101
96857556
66927369
96943437
96730119
33242104
61087291
11862527
7154089
36566720
42252975
46117308
52284899
81030473
35486616
92995640
54755981
87102750
4001415
4416532
12607052
81103492
9263809
98005517
17745789
39333666
91541355
87259081
78448898
82657316
50135511
34190962
50590223
40828561
60953467
31994283
69048645
41687745
82619293
56074989
6458692
36795669
22586714
8833799
80957270
77227705
19705230
23851646
48339337
57454421
42910199
7224805
13373755
55204504
91167607
23599340
8025585
52272332
4798644
81367633
39292649
32612166
18095566
52183754
99237629
78956070
11413976
45990828
9808423
41142291
86022347
82522329
407666
68973745
85495474
17951007
35876232
57704490
12021569
87327767
29433225
28761764
34685315
949722
17842368
11728061
31122636
9841603
91914350
19877466
73163415
65367081
32382271
60636058
55421570
52327537
13247142
91784245
86260636
2109038
52342805
20407323
86889654
71779788
33438522
25986041
55420767
94331472
81519413
21665598
48334659
97899198
4471172
12494064
64393495
41590506
48657983
41456495
23558200
17856090
94266421
53579890
56808469
5803159
45742503
55290119
17197508
38942097
92993390
89487912
59897809
33407469
32417152
20631077
10626105
49406351
9734508
75998902
2527327
20588696
34962364
15138733
22155558
42344612
29392113
23324674
73512962
51875037
34714933
39623858
84665353
23229972
70241782
33635530
58083521
71290518
37527917
32661662
54297951
38201743
81394427
77461023
51448229
16206323
39963895
72407255
43777763
90863852
5045917
33549550
89056492
18596480
15497961
23832152
30946042
67162907
7978830
24088279
99991819
20805945
48148923
31011275
68650444
71545611
77221144
39522176
27893370
54095552
95342778
20949122
19102863
13156676
17106620
51235650
62155620
86386201
59820157
11024441
75083846
28381389
91373094
85847221
37750997
77761382
78361393
65982474
5845200
17537416
42532726
33208788
26653022
19527786
61760616
35158101
12734944
53110870
20489918
95939686
74670060
74251539
93977832
57124317
29230076
38280871
55291810
40793200
14010427
39728000
29573095
76472027
47097201
28126948
91564227
57101559
95101597
62368062
30987460
36685497
17386863
53217783
37535920
28317700
67624335
8423263
67674664
11227962
25010565
81205728
22635822
53240106
61696638
57714033
83779544
50240149
29686972
60865012
96728785
41138710
94700276
91057123
3663279
13300670
60930038
27694454
6515811
51719280
95168139
71911937
13758068
3910150
54472934
76341223
46439947
30967186
4880443
44712621
63228423
45865747
59926056
82268275
53057254
32281280
17225901
37891838
65349114
43224195
42584872
48603530
3905481
46906699
75027449
99384454
90739431
75951862
54184303
48863990
29149192
59969201
56188300
25729726
41129574
70511468
70061111
6626455
8758935
61001723
99476244
27293694
85739875
63914908
7288902
67244411
1966900
65675567
14122003
38475103
71801437
63605892
71347272
69320640
4609442
94729356
83695351
98654412
7338797
62836099
70759771
12440728
28047926
43306709
73583706
41014249
89930414
20211192
12260095
49882909
55450435
9408322
5443127
11171499
94510279
19509574
76019898
21482855
32681617
43070123
38640300
94086017
7808828
89196205
86079530
99375978
67332074
63042699
16458195
78602882
82461739
42870718
82280828
85883820
15782674
95755747
9738475
77476945
43723566
49054810
19983966
87942682
82383809
54157704
52623837
57757606
18172609
39503011
20898682
80037622
81080340
42554573
30887556
9674445
75423087
53229869
16634160
64140262
30449084
88864786
64535912
79199035
1613455
7891161
77024298
61121431
89703102
17370427
52787619
12845211
60613567
92341404
39376074
96416476
75491745
65114741
99750154
65408636
34829950
83286156
96482297
67529678
21194407
27481200
43827450
65710673
46550319
62886859
12390544
39570725
78635634
44953775
81638302
30164351
3044091
66477658
78111102
39203524
24415179
59441412
90288960
31807946
89143850
20425401
41391598
39367212
35709574
43245398
37768370
51785839
36366181
86576036
92838428
67339138
65812048
92610642
29461401
52777701
50309246
72374427
4764304
90958211
67440790
56228434
42215942
72306304
81889128
26920148
93183705
98411532
47441728
70996685
86993317
82393164
40125512
27182664
19821629
94547131
13765442
36670111
95107810
76125808
77310779
10809021
97011829
29473415
82753024
59785487
73750652
21697982
68871792
15535644
52968918
5707222
21630863
8199787
8911008
70865450
4742602
43955738
14264685
19599108
41405091
12667645
9989623
23574637
53938873
11074227
43091178
90914598
57114517
83105847
53586842
8950570
25062429
41928545
359128
46589621
32499282
3654336
34199057
45153254
58252486
10205013
63028680
84993781
67245008
89699251
16331449
58775020
14875105
67515909
68514054
35182054
21485226
74071519
80234184
46780835
87100269
80507911
66303620
85344392
6985337
32032037
60511593
37511744
55912027
94844379
2794003
71568072
74044300
20317849
80887711
2679952
95619968
72483910
56119452
46709485
70693228
4478700
42387879
21542875
78149561
27994432
45833036
16735251
52340383
2484465
46222606
11572009
51165185
56110322
89868910
435510
52795168
21348072
46379496
7753165
2031170
88854594
88846147
15462883
5107922
3086164
54615047
16699065
70250399
81128172
5263776
24667225
52412160
26588084
62298455
58193260
10098445
28490978
55664966
54536252
38214700
6787857
86992249
84111353
86714525
18213993
43149599
41909405
85699946
90484828
33742893
8546778
68703416
38737671
53834627
15108812
90564835
90567629
75151329
36500639
22504473
20288664
24946593
40204945
62269323
28151101
42573870
11800395
14358394
33314152
34110725
78662263
60280506
24020885
37916035
64574312
40001577
83539412
88740684
56188473
75724452
90562228
79715922
31988360
8273624
35633801
40745434
67378106
59162998
78081514
36404918
87574071
12852647
73734863
7316987
96785373
18088959
525106
21914112
50920838
67621903
93722899
24879764
18694094
90898311
43097530
64588822
48198879
43048556
22846171
74124402
40964094
37826061
42432480
96767689
38580394
78784823
65815496
4148678
2179978
91333134
57478962
3600534
6996845
87879704
75863221
64061456
9474246
97234138
86818437
34445211
12056643
56994321
20904888
41404847
64781151
30599153
77402734
50157465
20050434
21636122
53859554
45655431
91632171
57620690
39289781
16370709
95601872
49921054
35065300
46716171
93351667
1100166
54796624
75665377
52863494
5746866
97652960
67278363
45911604
23659412
60924814
37707483
49027505
22886706
67503843
81944090
19079890
67278563
81028223
55120125
59568466
52685115
191621
14233776
10063637
22577891
48276665
69892749
10948616
13835102
49702570
68400602
14762409
46607525
71875151
22852
31406554
91053421
4504634
48508013
25303064
39722229
62555847
31150616
96642190
54247298
75074677
55387188
67892773
97003321
19571133
70507583
63009905
14371607
40053739
94162296
93816472
70325925
444227
41888968
3563284
87787237
34848642
6908167
6203798
28924109
37313271
1547592
67895086
75754514
2294600
14083837
91315646
8042580
40689114
80235834
69386374
84365150
43681251
32732666
91116858
49054413
82348085
6147679
93716456
66874393
81422234
5776781
3567315
51256119
33766337
28929893
54891144
61348167
33069062
61354468
8285497
43187571
3152294
88371474
45685186
60135318
64590952
29424453
45286760
16676533
31377160
71237229
34799424
73518814
80498087
90440585
884977
1343423
68718468
52765359
13476667
66834760
95943926
6822324
69218994
83589171
82019981
95477721
24241806
75672017
20841211
84141381
81234114
18099229
57299736
16427252
65188942
98729515
7893047
80756414
17322494
25976567
33255783
43611710
33370509
4353307
21530025
8348070
60719673
17249388
22226693
94399509
70672761
30557499
80801345
93285857
12398155
33594953
67766130
10068467
21522217
36481564
91738590
96345168
17794017
17034009
16327759
71888787
93416935
1912453
73126811
13034702
9211957
26675888
79893707
35094966
42210016
50577401
93514368
72403023
97933465
43488713
34538649
35567627
24745802
81901753
91540645
11652800
20502586
82588379
29042868
55467642
82630366
39061831
98421711
31784199
91211266
83645628
77729139
17381585
98794805
36559909
4119397
71894789
9021978
56126121
71804457
70575017
50011674
92111274
83518659
24701539
35363303
62409970
46872805
61558509
96529725
79826747
85603716
14087942
83936858
77964163
65905723
52989543
46141062
26179313
26834682
70740167
31041556
32620228
21770121
55303301
83092567
6430725
66907284
28923651
50973678
4257490
94516651
291270
10951909
73291813
46494470
90307307
12758531
2444334
85210247
22820439
49289073
45792027
41855662
14255208
46142945
73951763
34409639
62947570
61479762
53043599
93982023
11704318
24042659
53806973
43258051
75180860
79215012
40245049
63797255
38418817
77846310
70437749
10617841
58872053
65370309
9819184
50071833
53596653
10247568
17361220
29014616
50904132
63069737
3235021
46893388
32724214
74917889
97388149
80568786
94235490
51521292
86565500
5163038
28464424
80996929
50129883
61593033
43231887
5059213
98307891
76040256
4715939
22782019
65477321
8378465
93895032
61677747
90458544
97570975
18509023
37732361
22959652
97126444
67789943
39169161
6699849
94802402
18641283
44504639
55761603
72800006
47554249
46353635
87214199
27662935
39402517
26391840
30642195
27081274
94655809
76042936
35784025
71782102
44340470
8782552
35777071
16510504
79137421
41381548
71406097
86814851
3945055
18387036
67405164
75144194
2121806
82037214
78079765
426252
67457503
7269681
35695637
25459616
80779159
92248221
78439375
52728869
40429482
41225765
81082648
14024508
86169128
72262601
41315045
11711166
10558750
9236786
70726060
99163000
98922326
69979047
44490743
73828827
84244114
16582804
30108365
8868722
5364636
75278993
26827238
45561586
4786947
11380186
11352755
32364463
54701918
161743
33201047
75304641
17779187
14158067
42191832
19483217
85781316
93147219
71175927
52336383
96148662
73727335
76813704
53785184
81206355
28881940
52817367
82339780
75596925
12332198
45623582
19101522
82125340
65422207
29623822
86117321
41227600
25392431
10924872
43957165
59867342
86766647
28653683
71462411
44703540
33561606
31739400
84833454
64511496
62360172
3350027
42580534
48965283
28459396
19965163
11720
61368642
96994133
16192010
74303729
11391772
20295254
21647150
34990522
90785580
97232026
78337712
88535369
89650671
3738088
57030574
72362037
3723259
5990728
81205112
83598998
28348661
61387637
44768601
84755729
23257209
66277557
67012937
26047335
37685371
94517238
29489503
26772555
42259309
9138312
1695486
20223523
3103864
72491524
53928348
76117164
55489667
99993668
8289394
41691471
83715272
98729848
42910903
20021264
98273572
99102024
45481395
56459714
45700308
36361263
45787490
7452927
22974837
228868
71084227
71045807
68383930
77150107
76001409
18271035
30376692
38060454
48817570
98074893
68552317
864339
40965872
68946677
54914465
85803343
65193247
59818141
87540900
81116010
3449247
208770
61179553
81965380
68438770
21257044
62061626
57551686
10352364
72037619
4718174
74981834
95180846
89032965
42797549
10989560
9587059
16551705
24965172
84129979
13069771
51761290
26151632
98200307
43199530
18423169
16644113
58496677
48947849
66724726
96675643
12835719
78717632
71776663
36912958
27120851
26072344
21269197
24873040
15248432
61473037
65253575
44622187
47527426
67484554
56370410
93234058
28844759
59654016
88097399
19323748
840678
52589056
1902791
4184617
98829342
29769200
1840759
7017540
25240106
98910673
51631130
14270867
24077141
43657712
70094405
57236066
6106267
8150667
89128588
98365602
74889299
92932147
21839173
52013411
48053031
79778752
18028992
93677686
92181795
85677631
33555238
43532294
16571059
43352214
5368550
20315849
95261122
45905334
95437982
92005394
64120391
38048365
42895886
63192367
24496465
34603156
75293032
38202414
25164082
6328655
70625116
50619659
37121630
59969812
15459323
70834236
6054755
13911684
99640042
43294482
11323206
98979113
68354085
20759441
97829110
5680900
30479394
22789135
43037502
47825045
18953235
67745523
65572012
82294852
23228631
88504948
55472721
79969285
34149916
23023651
60667033
99959781
62741995
92104269
81762232
30281441
79105882
84514538
99238788
47061195
94955469
17438798
2954840
62067706
73049522
48519289
99411076
32105483
37028609
45206590
92107002
65518896
74868650
94459043
47775838
63493363
77897175
66279481
61425462
20014234
90589169
37731367
65706632
25158239
19914834
29304783
55537153
81532589
74754615
40828438
54110444
36139118
67542676
29230532
71794931
26594360
21099504
57427776
48203516
74619724
7203763
91220251
75501618
55191187
55872684
9303674
74069796
98135553
16050263
40295198
58178479
97560551
59037334
99826234
51959370
17114722
2423775
85649079
40193991
81541826
23468694
4577337
64321855
61586475
78145980
71576171
71336089
61812254
60482913
1513806
47621471
33294250
50477541
11239336
12963838
18552603
49235325
77254310
56417979
93339027
6275147
47742270
93201238
76676478
56654622
88026906
88658377
80169506
55691726
82813652
62887509
37199817
85549916
5159227
62793621
2005797
23405433
77666150
22607236
53346802
856238
7270251
3469358
99386133
27699372
31404885
12272936
48430304
62603781
82679112
499815
69934828
60245491
78569949
56749095
69772767
85025088
12388709
79853631
62188439
61980602
38284078
21448760
88670284
21129170
75164655
23169252
34459924
91685634
96426972
12659419
86655478
63829565
38375107
18740474
37053195
24645971
92484235
29308886
44105525
15077250
10122794
42676964
67367333
46281804
48347336
51092427
58732448
3726782
28266601
29885828
21400901
64554557
59243892
27548564
1154549
68586802
82490356
71904837
35345241
17183531
35405402
23753037
73545305
20876538
17781662
91730414
39764031
44119460
54042318
32352482
67348954
77740621
56373310
4070197
52761386
94927514
96075265
41624876
84981486
14539379
63006430
68455736
72310665
75162170
42650250
51019661
28469858
35699017
6745743
27467320
59482224
99517684
10697311
41549014
59716088
45407891
73388881
11916472
54857763
56132147
94154721
82639857
86156755
38498330
74152284
40826726
75068913
50322200
86163159
13442998
93333356
12366225
53924610
92081353
6228994
21632145
85298404
82790875
54847281
15802071
59436974
58795727
27688229
1332478
23262956
27859134
96211895
45288782
38203393
59148664
87043293
95397268
79361281
24903532
64283731
83946964
48662073
712288
39269658
2736249
23923062
16344222
93594569
94965236
82547233
50636806
69829964
38393268
7332109
60156235
79000644
13156378
59362530
47214264
1195334
62428059
3463206
3967166
17128293
64878975
84797968
38059581
82340072
64355578
39575803
22992941
47755840
35810691
96206526
98901735
17739045
52526865
40584266
12487767
46465814
2008083
795858
16488008
1141505
92861847
60441570
20723700
36871393
71691228
55245777
4205581
37880583
71190330
69761639
71255049
91293132
51047965
27340012
39444897
54223193
90764757
11798726
39272541
66266216
34611404
43322231
26042054
57093375
63880998
46597874
33186493
23418908
98570157
31728827
34725319
96304559
55471063
10754879
53925209
89652573
93471984
56916474
78324561
3059042
41628019
93031453
86256242
83798195
13809552
78695886
19604928
74394359
75009046
24732204
34587050
12857483
86529434
14256322
45971140
56195576
47171155
57272676
13267379
63412889
78534476
49286521
35795611
72524975
44391508
25107777
56043020
87872608
49898325
14446931
25095747
30386734
85162624
16793813
16870493
2938307
45245466
21116849
20455210
95691861
47979640
367241
12790888
3261218
20112857
16858959
99108115
97083812
59789815
32779265
77768343
27378348
85174517
5342574
94069407
29373339
90887843
90241326
49728521
37491081
9876804
33808867
16442312
65364867
47764168
11032771
17057220
87332944
93440399
90373191
39813654
36031345
93580975
57718501
79374509
78943754
67286936
95261448
4124883
81571629
31281732
78262649
44956171
99936473
54459441
96148676
28543385
25104005
97339780
86491164
42981345
26238694
27586620
1730184
18200323
75558461
9419642
88547550
56089448
12246378
16994212
64053358
92130099
80107522
57364406
27711887
57528716
32947866
21143320
96648987
81827042
28025556
24277017
65446566
96127811
95285342
28806734
38632521
46669494
26811998
97206108
74991663
75629027
9483734
43691338
89488962
22126851
33281977
46792019
4419107
93607144
48961803
91734823
43180618
92142888
17614326
70832027
50740096
13339904
8334835
88551060
32924218
96075828
10482711
13251878
17357114
79708187
66469098
41075378
65241029
8031291
49659171
63798959
24206992
91606563
48434896
28890593
37082280
64102180
41275892
97820045
91415430
66745621
13877965
20229741
61722713
51194738
98575054
32322881
48122764
56396431
57454952
47585848
82417610
64299609
22717242
28499474
6492334
50495568
97963793
30766992
9292706
11669464
57064453
47533016
59391449
26841672
18653588
7777642
84767682
20549334
68300837
43428005
5896384
89341266
94521175
22323341
44122848
56216609
81987813
16578757
7012537
9200195
13362043
23506796
22365970
36228613
65884734
16557554
2521944
98562717
81515478
73019687
41159772
27047005
39831340
55583701
39087180
15685365
16983167
32227086
33079606
41307603
1775021
33664029
49131936
50202885
82397366
78797140
31704855
80781611
84325456
64684807
67313148
57806355
25067245
47983210
62683025
94701076
12948614
26304841
51337182
8992877
25621578
88698933
84894099
68791952
80031895
67208201
24421892
92815306
65388547
63195856
1398403
4062209
60722519
10028847
12916008
52218753
24527378
91420127
47034388
80984389
68800003
63732638
19952648
31657924
30684376
14580773
59318207
86519851
57143150
10727574
6641656
76760547
80615697
62248472
11632862
86256949
66440480
39644575
1978130
82053208
16087901
81134831
36495832
24503026
75369284
24783895
61634329
32556146
43065263
20363075
78265262
33522575
60433772
30648379
81151983
14977383
48467378
55603761
70742047
94142464
81072558
19126177
55372743
27286066
3934936
88805083
438533
8425983
14921357
94316696
73581611
81372660
80195602
39391405
50613479
45622908
32084939
67235109
63140269
7945376
47516509
10166831
85559473
92325805
11238106
35352184
90340533
16244960
32342506
55522399
97545880
49642212
70956290
28000142
696669
67622638
40270709
92409464
63047092
3637938
89974957
55444527
45739409
93055428
32493968
64198081
26773124
45427912
70660936
44577285
95626031
32625410
22431802
13856193
62067774
22684394
61656063
5863530
85569013
82036475
35918220
13728006
76671066
66430184
70339164
56687174
79403
39722074
9415195
53350311
84868368
65832244
82280031
29418859
37761386
65922809
84359237
81765154
5384231
28684127
30329973
64614759
22061597
94312210
55800845
62335637
61557953
28760004
93160640
50380837
93090524
38105461
81384521
82112739
65291729
76648825
11883132
25926568
33474734
9434610
88276402
3729355
88984619
34371105
76678188
33706224
26264397
68268404
85949146
15820810
89980985
88256325
79688603
9775571
31934587
50216169
14096639
35730355
53285135
49183868
75677089
47582042
89473016
36718787
54078777
19556968
66317561
94167543
11045434
27060085
56202171
15819611
64575878
90391765
83981079
48224927
12822787
78021177
50709550
87312993
19686217
61075362
32683190
52640728
18569300
17383649
70688514
80953887
8482090
82028707
21221637
89309127
27011338
3639580
82192629
6657527
17036691
12546783
6883937
83969780
68754289
2590226
27884637
26647599
68043795
62223412
91569322
94979605
3847780
84963427
69118322
23345573
15745768
32165597
17287465
43999568
31328823
4290567
45223103
52086609
33548054
3878936
79676887
70368522
77167836
65886730
44787581
6731828
29710522
54531414
46241542
90279953
37339581
71817984
62091247
89508492
13758074
63637186
22885204
73289738
18224866
70830158
50309380
26204393
83283032
49048567
75350773
52003746
84698541
84240613
64408776
60484141
93549637
13540133
2432264
20321117
87876653
20520551
28005170
37968978
7454047
73370949
85520067
10623222
83307214
12478744
45569649
39571199
84812678
61838297
97124520
95445368
94546266
22690047
10494963
99190061
73799288
30879920
36501484
16670738
64963904
46130974
37756777
38639772
35753891
22980774
50941530
95398189
36682002
11591870
21916508
71607285
79422176
65693058
63754976
9214414
49317027
7657266
55895290
36538075
29149490
28447732
60617439
98423239
97791899
88249991
15223061
85513228
55863111
75297423
88019313
23415511
47349624
40754168
55184028
69040687
31742125
84742622
74280619
94966681
77808237
94494160
67490181
48701353
39137187
69341401
46442937
32356692
20909925
18369172
3351869
869654
31150368
59870642
60463464
66941876
35909704
15836260
84049269
25769421
37857522
74225200
91064344
11478406
78199852
16281751
46432877
39956086
99545686
37825195
68690629
67686106
74844163
52505041
47756373
63115267
63857884
88026992
69377737
98464719
21916880
26520893
89917236
14432859
26802133
29083803
29523825
47747962
81214146
29523198
79829475
70694351
9203454
61166024
49175700
82927440
87859764
29810093
28124795
45000601
63089069
44594620
78605217
13002587
60531406
54812169
12030007
44301322
20862800
34591557
46325443
92974989
20436435
30205964
96146810
6692374
93621720
29436465
21525996
29177279
54186405
48623770
84926574
49064041
917427
93574464
96822065
97854727
90468911
42942753
49879681
9086413
43703054
95262501
86029604
3483637
92094563
96556182
61682243
86595803
99468849
78373708
10276147
3300708
51202285
49572100
40519435
96764475
28077348
79999546
63275951
29848843
35236500
91936614
47793389
80090163
2751594
24165892
43097017
54911379
69164311
2713628
8589427
47367690
78879864
56724337
95392371
60137975
91258898
16168645
68904305
52555022
42117867
64319913
73309983
75998296
55711790
13849708
25630572
66241252
15674011
94169826
80843950
39764368
55264699
64523157
27119169
83378993
26199907
55677837
23894325
73923403
38129970
91517683
20847111
31811684
98397336
62951315
24002075
13145086
58892533
55185660
37024676
81762757
11263930
60777331
22914889
47769505
73319970
58951185
38228389
53435289
29651886
37927648
305860
97139540
56019420
29176801
60340691
70836152
38600392
32669596
37404475
58813433
33190330
77478177
40455686
72071351
72190157
93013787
92291668
21458063
31268713
74508209
4465928
67856398
48925023
52297156
64890386
51154716
65190151
20609710
73478758
80549980
9339608
73571061
87947036
34176180
51542562
2254440
88735741
188662
38004180
8077477
3771130
97109876
95721275
37349837
96639463
29214644
45068419
81243746
99537100
98664507
37484486
98757817
92481404
72793715
23013055
4320714
84796684
84785427
11500510
9332692
25227019
33119489
96596490
93956813
57833856
65756374
90255972
72234881
33484333
50647387
27179106
64986091
81534614
95190146
17658639
67704680
63743651
10615232
66255761
68230745
38185152
87588687
33794785
81132655
66335569
90511854
52736779
6018421
61022458
78389602
88236522
48474560
66048909
60938133
17400933
65087905
71398612
54985325
98142646
42641846
34129335
27180102
60080313
4325154
19089577
16973480
69623270
65776369
89740475
12800139
64075952
81215081
68494417
72132059
93024611
45898975
45227888
14822541
33003623
32458416
643970
23862756
7240698
7131381
88265599
78775313
51072766
55681878
37460915
50481259
3020401
12925267
68785055
43724054
54384305
43992668
8085667
97953638
15306911
50284684
77071665
91537120
22582519
66683903
80021334
44327575
53641137
19816118
97690888
9181352
92533774
99308384
55077028
13312456
59576208
40011181
56247162
8577104
71173709
24759061
78314804
63781128
84553276
60498989
34723398
65202850
54068448
84625809
24459909
87126846
97607406
41268961
43148075
80596618
60198105
92692580
32043454
722262
44101258
33289043
17296334
18079333
648834
69938178
3745251
66107655
85343657
52322082
9683774
84202919
28747817
94707266
81941005
60909914
77316946
14791873
2080237
24236819
20736760
4769061
58540593
55634138
62653241
8591070
69198662
30498844
8861570
7768444
15405434
49332850
56009386
73721526
82466961
30768689
65287219
63030147
42704471
64474713
98060655
29217333
42130106
57320868
33192229
29164682
72766738
3480082
36985725
17426275
92577325
186060
93030993
34912886
66435961
41204494
82962644
80887202
46032097
82341748
67863999
6859195
32910332
56781633
7646405
17222346
6659389
6605801
66100452
63636802
35666543
20448046
4445232
87383002
62937628
34068954
83306762
5004672
57767693
91014155
84085925
85057238
71759126
30468177
64589283
86092947
6968298
66502543
41635772
41946698
44813913
78149684
80478334
63275808
78061128
99466154
83696369
74410620
79056119
81622369
62893845
94484904
72001120
55680209
95364325
86869837
81191618
95037494
11138499
82670817
3338121
85799604
64003614
12327464
30949837
97869122
67540649
73962128
2117018
55893204
46459409
35642082
84036385
99766004
34886886
49706952
88424470
989710
73254472
47711968
79402
5729026
43394096
14383640
18839344
92544944
94015627
18267272
61464213
74775784
49337617
82116763
24169293
28970498
66654560
26507688
25861788
53723785
61675552
88728661
67773520
95128289
33149906
30383357
50329031
55835957
93001807
46011769
24798857
39834624
71740945
65951937
31719626
52523866
91855366
82698503
62897749
44372547
66646750
13457669
52101160
41017583
91179844
52061367
1527470
1017680
76853325
27475554
18651143
71795744
80847524
53445858
10559486
47751183
9362855
4928316
3892237
80797959
88875145
73532468
93955753
66955372
575914
47044781
78769790
43913272
65225294
19364698
97450626
93183494
15737757
19489886
65711510
29322765
57629042
98770354
63144652
35286255
67606614
45524405
15448675
78288069
16751108
92803654
90572964
47563582
5745177
26137267
2542877
68238066
11081048
99001032
8037093
30414082
64879248
20073077
22978306
69625814
72827305
16383538
22097361
86103063
54347388
10411136
68990617
67236798
69153539
37047337
54338358
40741943
51628960
30724560
24591074
12553269
59213200
20603391
20724146
67152054
891770
69718723
77311935
38607649
49721583
46139273
51579426
35750133
99386334
41469261
85163727
84874482
90406131
7541210
25779750
28552910
22728056
39214638
95270043
77589832
85112485
98458164
5321859
70534578
31139663
48475923
88759093
91252832
63075472
85183586
11148341
30845390
7986178
71676499
45347188
20387017
97142051
2798381
41202417
99014094
72519490
3143852
30318181
21533844
43696187
22817335
20698089
9781759
21984124
88132952
83520582
85829631
97564810
34443814
78238263
22049649
76990271
84978160
50758987
19820460
8256398
65813464
59554043
35432010
33255040
17061890
50573187
81496848
78041281
85469762
52731661
49262849
34887904
67720012
27137928
71850880
2696411
95780846
13467892
89226785
18106371
15912935
53225041
86227788
1862451
99090453
36988221
46879673
64510129
75630149
43601827
36850917
51895647
22860390
34819587
11644121
19045642
27076062
56105604
90691134
73552705
94953664
28765299
81233573
5676904
29501309
61394575
45993707
22462156
19076173
48021409
19529112
81740557
99123635
76812351
65388252
88730741
18744544
20504928
67051340
16978568
94975503
19192067
6443532
10344302
293672
79921727
93473160
5515482
55303390
88932961
93902594
56747279
30183434
58638645
17870832
29415675
6212137
39748674
67625279
44861180
91069489
35425451
89398776
72451208
54625642
27502800
38617549
53323125
1023818
95686306
94702249
13072020
40818986
10728361
9749251
95851303
5688012
85893634
1579873
2174958
62950983
65693090
41484607
536687
20461671
2884054
39634786
62075536
5358103
2760965
98021021
5283509
47969137
41716885
26072920
73817473
90586603
48573724
73793264
96289246
71721225
27434893
69516309
7690379
85777260
55999500
57084814
68717667
37530641
78511178
19439956
36209781
16228606
88108139
145218
89812764
54809146
11728268
2094313
33161315
1226156
72920041
7490142
93709463
89914562
4420020
98279430
98905177
89700203
69144535
46067366
53386966
64762885
19009494
93207467
38257522
72471542
51517455
33108240
62053362
87939589
47967884
84304261
79089682
24495336
43957689
47477909
78597435
31096471
5989171
8731615
90470710
38991068
80236386
14300255
9948595
3391378
10676749
12584854
33630461
95137052
55829228
36211426
53638303
79602632
22684058
69403606
15060707
30927338
2774155
60337237
49456170
32158024
52523442
40696333
8191266
78978394
4311297
59809919
88161759
90716666
64297286
21705135
57512974
96257617
93441212
57176316
43107522
33758573
37847342
81489370
4488003
91248457
18096127
12280781
16296987
6048637
50263331
97509023
90458233
58311417
46381024
46122225
84506590
17972069
8997264
25262327
21543844
50298550
57212780
9901426
22119314
97688520
8667500
16321071
89411213
73866625
88290271
36673737
99801309
56192643
96054277
25098354
44560503
10725587
61717933
24724641
19429677
10123083
76193868
59028864
20033783
75512957
30161768
89727855
96845125
18181257
97427903
96116163
83276704
92322550
1677638
60253192
31765107
90875621
25869294
38167847
86107006
74332664
21608165
57190358
96270804
85307670
78488389
38926365
88207756
13505692
3836827
41678683
67698474
31861232
75758188
38323474
78311318
43973389
47154767
43257433
37777462
28215152
15978029
7333130
17807630
3313314
48666170
32407330
43818446
29658636
68523121
3308252
50711197
52748769
78381615
24776457
30808072
25542143
41696526
10306728
92142143
61871060
28212065
14890100
3067668
4668899
21355585
63347893
5822361
10337972
23322698
71711912
82531003
78051519
71575741
59503297
57154404
84848368
49229645
35056904
49778570
41481641
51600596
66556845
11762920
76104417
56229060
70026993
81917306
58850854
23176534
73546027
43418144
37234743
645039
88769281
23990469
72174536
4520684
32449788
77662693
26587460
71256632
60285887
43013217
60388884
33022008
78111195
78619749
6925099
81465320
18675375
21153704
96640485
85512102
73076318
94160914
4812868
21481633
73705786
85548644
25714352
93266487
10944725
82305372
32785976
92233363
12035474
5170175
9315281
30406711
3704714
69679365
55441579
35829100
2038389
32391048
77364386
11206696
73863555
66840846
19720978
49544256
29867129
8522050
94361839
46435033
72375526
65508238
42323783
30676653
5746665
29237327
19594334
35646809
37787652
25016114
90046592
39729928
42026786
97627165
72035875
41601589
23511586
8694296
95881044
90023722
35878206
81084383
16671167
65777734
90513065
8697789
68732171
14162749
3023091
84372633
81085691
16162634
36474754
5246037
79557694
91380277
85026380
77146659
13661444
66518328
69146912
68245254
3446014
70594523
84093328
40192289
64028628
43884790
52234190
19571549
49369627
77284180
77731090
10984123
8701505
43298324
51818964
21145394
70227529
96962768
51044198
50569764
79320889
29066476
76352241
53513453
44158664
76064163
10166950
94829803
21101929
17619602
36932588
13695356
25537371
80315116
27180801
18234955
94631145
29683472
74463551
47762431
57239047
25745925
58816072
50434729
80029
86433561
59404144
78181863
14457616
83302621
9121164
92987763
17859467
64856072
9425152
31754603
43917838
48059455
66397789
91168263
80439824
62955101
75748669
69381468
38141412
80038619
86458747
33030984
53183110
13603663
99856098
61438785
78053973
24733883
22012969
36130803
29206672
60244782
53016194
57733623
20618102
9784129
6404930
27439172
81120523
80734368
15964120
78209065
92593635
65728085
84756484
34145969
9731063
41780559
65464759
9024873
75175800
919715
89657423
93270836
67283989
97876247
73755994
31912553
64898241
55169771
25920982
43557577
54789186
98400087
11619620
9242963
39767802
96139371
30277028
41795668
94363862
36937486
21963196
94828749
4739536
28187443
44278225
46349494
54141836
82746987
51289712
23391242
81218505
24138439
86915918
31516684
88292745
75243705
42378010
4495479
43166519
40548806
30800933
66959302
75669130
12575436
77350638
50586228
41716601
67626538
71779116
42927186
33132544
6962027
90492033
2539075
14760766
48208092
59661699
37704371
47692834
17180666
64348457
99455063
37572220
30900654
33883897
2540841
72951306
67378538
85424740
67055821
57947821
11495753
53320426
50139707
53241844
23927140
28144275
53276913
93140148
13944216
50699669
32320623
88695835
10585977
71134744
94266111
30336473
14114043
51398322
58849770
17272224
84243106
98259222
10201552
24062874
39285835
21409379
50536109
39048277
72703999
11105492
65812038
61522532
67233625
35667261
4174209
10007465
84353560
44532346
45494124
50647038
34992999
51231448
59849159
40398901
40340575
46339128
17158603
41771064
14084695
68306792
40705019
97290663
79730657
13534761
19381041
54809409
15066136
46708647
56700938
56747767
40534514
27217231
32550590
7184188
49778395
98430357
86806142
2024259
72381281
79755353
3395952
39184490
26750631
45260650
17724072
58198621
62537717
72590012
79243549
59958425
14299679
53056332
86374734
84447561
14862899
73471621
88924074
90775566
8911872
13937945
81646421
23306129
6180217
64628609
43196114
6833793
77009263
11510704
68688041
4159195
24065452
54238976
98430973
23897267
790423
4007664
47105859
55242592
57693216
49404325
47823824
55569264
25297363
21858045
69309730
58427396
27338428
90676907
76798893
62890177
11426915
77684883
18374082
20249775
75579361
1202720
85717180
32418434
41015758
37363626
74314119
13814852
32177798
16000602
94695199
35691552
7902484
33830034
32482717
35989898
21263209
68838921
66559041
97375297
75446997
67012061
19099605
88859097
87212475
7891534
25442470
36789796
32479711
93504516
42950649
99954782
89587908
41067054
51407626
47215702
22048282
64030240
43588854
8501503
35768052
69994477
23271120
97373252
91109928
443736
36680091
88107179
58346814
79746247
31934987
40032363
81262258
50685968
73982002
16828694
1124751
88080095
93766739
61528970
19863462
99943469
43400159
51812411
83672915
92815644
6747356
11227345
3040808
31553169
1875549
31230912
32585701
50447818
24585347
53166920
57099259
69467806
45205804
56830328
36613388
16791565
43775577
96553345
1820373
79716743
33137414
21150741
1999200
54566176
4184026
79907810
9511055
31263221
2372237
25832611
41125889
34041002
80728635
42366403
26406876
72555845
29115038
36876506
39523073
28211064
53954542
55670380
32471685
75579609
59200772
7677774
40317225
21932132
63379182
65274963
42506744
79616240
39101149
61419493
70167368
75011936
93013074
94144479
82685701
76098460
85415210
98518547
90568973
34536950
76618213
36522176
75131215
8755530
4350986
13942395
64418101
69793543
62473501
7956442
15402826
10148691
51647002
82476807
99859056
26276231
63670621
33670983
99728716
25878981
14533482
86336891
4017401
7012744
2438470
48524274
17206781
84070099
88706765
82383041
7628399
7463412
47489729
70221940
38484467
26477980
60110571
92459786
58229627
14877732
71287509
75330872
28658914
72778860
37672464
9954986
88646201
30223447
41685850
46657904
24758877
6775726
57281116
26797083
47945341
40602188
12583567
80985037
8334226
6110525
73047665
55516848
39468215
53106560
8994477
48305446
15829615
63465100
86961755
48073865
32491809
47217776
82316423
18446401
85994515
74466695
67782986
92322378
68043043
7251877
77642681
20833466
11225303
75218579
3388257
15359619
69116673
56496199
66900987
12663144
80093051
32350184
81038748
92313361
57217019
47067501
98000552
4791363
98512316
67427397
97666028
65726139
26947372
3427334
68702626
82414849
65659341
58520992
59705652
39226475
69559861
86573605
75890605
29744556
60752405
21979847
98005678
13482719
78587423
87717785
60749152
79641533
69064864
37115551
78553537
89801773
76479944
16735853
72063188
44508197
2065754
2689007
16930954
7435069
42526663
15479674
41321052
38188920
16044066
50092838
51650398
25218345
1992775
67347203
84800108
20574204
47805335
66738538
31509927
93970297
42214442
19831021
90148536
95534843
92935903
74759144
83847068
55595285
39668091
84544443
32475302
85230675
98134315
44328736
55268277
79864497
66855367
93254597
89911436
64844127
69808400
79679229
56868221
14002187
51225764
36988488
23625423
94736802
76343121
43162087
99920396
98761155
49654623
52205814
42155742
23925400
28895933
71746711
15858700
13666970
72099104
2384064
1025286
77451450
58541315
75837394
49566448
29851746
65108031
34978322
30537588
43802384
69297587
81899865
81977402
50770157
19430820
80641353
80465658
23554181
1099969
85346860
28435746
3042905
26352801
58419541
33194470
23266198
42218250
91213670
60344846
20763105
58933984
99464157
93798569
78510987
27113998
82181210
20637452
71354792
64963504
63398840
91720329
78926737
20638502
40928954
35867815
78901790
68366369
48804231
53934547
13326175
1920546
4565397
76134015
43205156
37409636
39904987
95476820
1703714
81620803
63516035
12071508
79009235
67846578
72513510
85354888
57562277
48293308
30563641
41536805
94214110
39841626
14297618
83755980
3325469
77750539
27802458
45511944
85209603
74753032
13959110
90953931
25679405
88796703
14888311
34638988
45298152
21497700
3965159
30789940
36457615
59250431
79251991
16143654
31766203
96057682
82236713
14523351
32743528
7685322
3390118
42986239
95121590
22257100
34854424
70180251
35753072
80983774
5161945
47187042
74512989
25762896
37051405
41072997
96266278
21923391
82319740
23832610
15242129
21036984
93337806
7342602
37631283
32743539
76249706
10557726
52219489
97026279
25112779
42467160
3754678
81161616
78669891
66888969
35629108
89640346
43040682
49667240
10129169
89725618
28975511
84739678
28901917
28674661
27354105
59393093
77041950
95527103
45679847
25456717
66925987
41634248
50909792
72212950
60761319
88445452
47326926
76516450
45278818
37839953
74854562
34395268
3834809
62827910
75630266
95184843
46876520
43473657
94710715
36412063
55956204
11266914
57234409
381227
89209991
72214174
77023102
88498766
73296429
56775209
13616108
11538880
22841943
37257846
61862134
62933106
99744140
68405086
80907220
98596788
84043350
23457635
67507817
55370912
38451204
44680372
84298471
95748784
94430430
98347178
95119252
98602416
226562
66186458
87262563
52072142
82935611
4216062
18377166
32333206
61845854
96390
64928509
12142884
25288670
92389614
95738529
54805572
82492243
31015161
80642441
12547291
2715852
92563765
58366296
42317916
82928411
27678729
76313930
55987611
4220459
33416559
33299238
13211233
94211823
60713510
7976306
44936433
29080786
76002043
22797991
87375998
3981176
79979684
41694770
43434605
64684450
62199001
87054149
59187394
47682922
2023585
19329414
42810198
2445253
29161549
81549808
52020079
92738867
26205918
76568955
71514963
88914249
9137432
17665028
14173604
68211694
81297363
79250449
87109687
96694920
47070110
5954985
76550542
41664546
81142540
79431537
98147300
58779082
34206629
7917822
6461863
40774493
82331866
71112908
42051020
19504176
79771050
29565160
11850237
15152330
85320450
33333076
13896862
51141198
79541664
70488872
43944319
82495654
22686814
49311632
22300131
84123672
70811742
21245990
54227589
26720307
66985149
10575915
37992199
11520690
35744985
1618307
38143425
29938692
69170490
19750692
62829379
73841279
94071832
95271029
89046895
68970579
83349544
8293532
24068311
66437761
26585020
9875679
32297420
16920547
35341544
91258934
87365220
9612939
9626377
73289856
49771312
56215047
72404339
24618350
2456886
81124690
75064675
29589804
55700643
95244419
64908244
27122742
88143150
44875615
65466810
85587652
12258234
78105026
53816459
69327708
86122426
17678054
12324729
10808410
7195780
24387425
30214799
53955010
76215260
8890818
35443342
32642122
55647317
35797334
62673195
44556606
44779012
27077740
70792273
96797152
62694456
64429796
87151361
24600775
73980953
8186103
45550674
13495050
94447168
56704044
12903676
8222139
80105791
79816708
41014626
88920385
41530454
21539028
4887536
37010449
31538740
54170025
53037410
43110610
46952007
35635077
93543785
44183192
75613344
68501341
44438534
43635327
66442947
3816748
23924409
9955889
31990450
36760190
82809498
31515661
61265564
46683346
35659616
20862145
15188604
21675010
86410411
10069750
98994599
5190458
58056456
49942695
5470822
34114405
62086983
91537120
78372615
83591265
15058503
60914555
80672362
533161
5642178
74549755
42087788
27839865
75762942
15362321
17031521
72687665
20193639
38448324
98762639
65109499
59378400
13090248
13733614
31236031
75142012
96824316
4119610
85803146
24004917
22815696
17169946
78953890
27647831
11157977
62444367
4199109
88158653
96182984
87759084
41614398
88174509
71930700
2265507
44309350
19228878
88129493
57653710
92754018
3981338
3865474
41857848
82351550
72387090
98508990
2340738
69621624
83396219
88722612
82038766
2837905
15420408
88695613
72078437
38653476
13746161
69001176
61837816
90696207
358660
72479865
54571655
26438634
21162844
87574009
424295
5278779
55046714
91416936
10938247
58139377
31318272
81677325
68420853
63351990
42948713
46464879
96342661
63676394
8426184
34020695
54113340
33425552
5023659
47987887
72409887
64531772
43427065
18560359
67189342
57300144
14345885
49205529
40408867
88107867
34541458
64259026
18041758
44040266
41782912
58725407
84707695
76843443
24212492
10543384
44967928
29602781
44422443
60731471
21405386
2001252
87948862
86977100
77987229
36836048
90381008
43276103
64088264
56807343
68002881
62321908
79749829
38854449
50943675
88766918
75574949
44317866
87429562
65604108
9347334
21319534
61664261
19415158
36582050
91848175
42205301
51522312
46982845
776285
25505544
27853286
71713932
2016385
95671235
12249152
68085382
25405293
82297008
36239583
17399288
22133844
13014577
64537601
52122289
77388604
43103812
81346168
90375300
51049073
14270211
34019767
37855732
76289167
64613569
36301529
63477219
50372933
47311789
73025498
2815742
62811567
40068512
11353539
22654154
38705978
76930051
62340513
8707583
34527532
35475779
2331906
97295312
87715268
21239179
29927302
43232044
22774929
1974022
72534521
53898652
74733858
75136452
51837762
17067612
70248489
79788649
46631164
24026887
53573408
24308543
6800030
87763086
42976410
86121163
41416949
40402670
76812515
32357457
74447384
91353430
80999366
37273577
68448123
60222290
24623378
35744038
75832636
4715987
16053459
17262001
6502986
50104290
34802220
53992122
78773634
25074834
84795012
67885787
82782081
64453943
82233656
10018885
26771978
1397624
20079153
5025154
74879774
33790086
1379042
34401002
75653521
77851746
61410581
14276736
10838402
65832537
99725740
40310088
48663504
96711363
38684608
92029340
93468607
47944498
86274320
26680152
99037704
80916428
29129095
43821666
78371216
42723180
39634829
16835702
75911023
41157745
95575654
19451412
84621620
88763231
59648828
42329562
92290243
25889385
10848120
41542567
70129394
38874062
6551021
58010750
30200496
27873470
25710051
42695588
76297594
5850216
82076869
64575975
49023276
86144695
68781318
1358334
87090256
67779874
16497580
86159077
87132571
15983672
5511978
10595507
62331958
49364468
33666459
45714191
63465945
19293814
11778901
61040162
12211716
61132643
54243185
83300721
30744620
58514941
26868247
35629713
81078329
45088595
11421594
1429253
4454634
69838619
43409136
49085573
23748550
44193082
89567759
82734070
6927259
56282041
69052213
18391260
34142863
78434847
95544643
66133595
73074208
27779634
45136962
86218597
22704009
94859685
93034165
72393793
52507548
57518970
77696491
65945910
40879041
38073057
86205041
32411287
38562199
42819457
88694047
49783885
68370912
67111190
86918783
20409843
67733997
61710835
49667888
30588971
97613237
10914920
24279369
78009152
95314550
64258705
39107602
80546410
33691675
4548031
65454249
38258767
68090031
79304381
30743735
96543557
74785948
2929115
6347901
6480004
67891631
74657658
73842218
72582460
37076552
403002
50231083
94221260
48595648
43855127
32064213
96269475
31182305
21378093
23206183
7006291
92551798
75073630
96197808
8451370
11360737
20981061
38634936
72990786
15865655
17437027
85333731
77657672
63785075
45432860
84725251
74674099
40314980
73409454
38286391
43534080
81504170
99294054
34243218
51148714
98216370
16857464
48500826
92994182
30862843
74813973
2733310
40513194
92110422
14990025
76889068
10624830
78781526
101384
9078794
57611969
11170410
49601351
70248781
90504868
52446243
27986816
52407209
98002666
12899999
23442377
96475335
88718668
42795361
52919116
46385480
14651864
75195663
61301876
63985825
70155138
81881879
80143630
11029401
60910848
54297898
57200685
32031445
16497755
1027355
93170215
59834632
44474719
95314885
28955609
78098882
57128450
56865092
57279038
8392522
65836638
58254403
83504948
80619333
90928478
266442
56205232
76067017
51407711
70659047
29582286
79950668
48905197
10831870
95282324
71105009
87325332
21520547
37761934
58166932
79577046
45702020
26126671
28174486
55919410
68702028
8615095
50589639
63553770
98340579
51461430
30308541
73242482
44843676
2624015
44468721
54048879
73269962
76509906
72839885
4178827
17936176
7988967
48560284
45668434
46235162
29250542
11860307
62526292
59997001
19879439
64072276
32047098
118687
90955404
38683097
80695798
53139772
54282326
72203453
80058596
15989703
93591125
50319037
39733605
96312804
74611324
25830049
21930739
47938360
25930809
56566438
47408484
70977456
96555960
2628897
36483993
34253249
10930477
19184648
48958623
97731099
20729111
76048979
59287521
93296944
90177237
27440761
19778907
4468194
17910294
33539260
53054893
31698578
75512013
79191313
22910297
44056614
98243899
36257559
15092720
75023716
95163832
71499964
22537383
31578639
85165634
27873578
60025890
73796939
43232247
44358450
83649702
1880656
48064420
45154073
20325967
11344149
30014344
88344281
16941435
56539037
56511891
49079399
82513733
61726257
58057353
81126405
77899082
84026311
42193629
9617952
34855632
15761140
38395582
11256800
86117626
98748058
45976607
54366323
38383758
83639844
78816256
1524328
36494979
54474169
73408862
6049582
60099667
78113572
61645749
70397939
32965807
83091864
68797002
75595362
81135911
81229130
15291259
90209368
5861335
46912996
19228002
43186088
88832823
55884127
53599697
10574087
11631654
61713508
94792565
32673672
45933900
30698336
70955315
4554096
12256698
59615598
7193728
24203596
72255
80291103
17149009
76876255
42067843
96079671
18587926
56873248
50699244
31192050
45464591
57627677
77844037
13615295
46467004
55915118
86145798
86356609
31774057
62800730
95547389
39584123
98945861
39395860
79433465
73779274
16479136
19519216
43718153
67796848
23354789
82418240
80331315
86517147
24514781
90293457
99998522
61824418
39462948
61892456
37274137
7822781
69602527
21683241
87894393
7351064
22099051
6166417
76215047
51606029
75049891
74562287
92568264
46678755
5235240
91770180
5616542
46859279
70396913
83224694
18552463
23003868
41300275
47801423
23964274
27539339
67740894
51077910
54485755
22777384
56443210
91087393
33811806
42455569
72229757
10727770
47143553
92229497
85997842
81973221
60084565
91005008
90143051
31847693
6950343
94375055
71895127
52850177
20863042
34892661
53186531
80482873
4470326
77323775
67469789
34929045
60822851
40137785
31613957
59893469
7225869
83769722
50599273
17041367
73172640
59672016
19077786
33732102
63879801
6701730
86732934
63771257
51274271
72366408
89567599
25489099
29549880
17256454
48655243
8365184
75429035
9932502
77280003
26341087
69258595
99587209
1318997
99777592
47615911
47637736
26217100
65301620
63506779
2499233
73256829
36402203
28130259
52531945
70849276
98679512
60211425
47394932
25291072
56001283
21906492
10059229
76101640
60094058
8649848
49437969
68877530
52059860
32038015
93638146
67653119
25022343
29293799
36347026
71554887
51482119
53212443
76873990
49393745
90886174
17634218
53135074
13838390
50544164
39335239
53274790
14876751
76825144
69171099
23120218
68458327
73205478
66793498
36967417
66646749
25963632
98870356
92772017
69448121
42852025
63150383
72188020
13900859
28000592
62750511
22318181
92804774
68914678
5692984
86512702
85663098
22555442
51081697
92652143
8609672
86860943
1301074
3877767
34021920
4262767
56702400
62723456
74928254
15193098
16919532
64731304
36792484
85243055
20065612
88501526
45170451
17783982
9128058
73525138
68112226
48727347
5273069
6487770
25217320
53063558
31281031
25423669
65451073
89295367
45595242
24862459
74439245
8612631
19483983
38620126
32155130
90398271
38534880
99715808
7604138
68594810
26107475
1358050
19085835
81719346
17512949
52752312
86339365
94898708
78088119
99883108
57764262
99498688
62037352
80888011
40185932
19526025
39140560
18156682
65083402
77432544
17000921
34689323
99862767
29388499
31137538
60751601
93349334
24122427
57956516
99895227
19088167
14019585
87735999
36986347
63840311
50337738
82210368
310344
48523215
8905990
1549956
56504835
98334895
43205785
90191029
30072049
74490478
1640830
55632472
81974907
32585468
80764721
30104841
62623995
81360100
40500458
85107283
52804133
72490873
33225
67820112
37709210
21858157
75487152
35493310
78459098
81619462
20820030
81949494
29429815
43766395
52455649
20921766
49950809
31000301
17621377
12643909
6325206
47491607
81444702
94374086
35697002
98100705
50545813
22008697
67464981
68765626
91363796
93239018
31983085
70649046
53658013
57562484
15608512
55423612
557342
1433190
21001049
2248411
6759394
77727034
62503666
98508568
29483566
75927836
58223427
30641757
49406476
57731699
17604532
43670882
49959404
24646598
14932951
17303610
94796427
43319662
38518525
65172422
1365985
73800473
73061758
71340806
54964685
96680403
10573904
30261532
41102820
53034995
34982316
99684200
98746734
21250974
56394925
34364204
19850674
84982496
72571679
58214319
42021637
2191411
27553407
75545726
34262146
90767997
49652603
90805840
27211256
55942666
396735
7277946
72307632
90375778
8053368
48678192
90022077
14727264
9578777
47094353
37393485
16391036
99852198
93083890
11406666
48772902
23336544
56595450
25141118
67048485
50002296
74146300
98721354
87323681
57528152
49964978
12771950
28309679
10695093
97143947
33105224
20661856
99694799
75713490
61740839
74009901
37962624
2555411
8723839
52270184
63012805
98769193
74716807
5718704
89756119
95109640
75446254
82549252
7831652
62570173
96275083
22370868
2960282
91852264
20957325
86907194
55990004
76744451
76468811
46445457
89134911
31305209
11423970
28363955
52634580
34701917
61979064
39457282
96084758
44801380
4786970
25428724
60832508
97803578
53510826
50500640
40967226
3222470
1586519
99083655
62552704
27068690
60187225
19466730
57883639
46131819
82777073
74765225
18144903
95781091
54672045
55311110
72627336
6306095
721968
19679938
77393464
87387801
88173498
12718890
32076335
34073546
62329095
37650587
63203395
87250121
48432992
58427945
73091915
80047551
71531295
88529348
8346214
11032791
14728335
12165350
95637177
54232733
50435474
74997919
1776006
88854681
11848045
70999246
15135848
49728246
92841290
9378191
88119517
11542393
76375965
47648550
46138194
45768133
90866317
89184325
35378323
60694391
22056267
8391601
6534794
71628824
99383528
5318351
90361213
10566228
1064383
96761882
55067924
81732262
43492937
4094538
47961095
40959712
67209365
31775899
17883551
54543666
11013874
546853
47100005
41852336
91452672
30126508
20895414
96488670
83820055
74834676
70791786
53348909
74232609
4437982
6350040
70898756
91340561
29361416
61419751
50945718
54295148
76866675
46411389
8272969
54786886
5641084
15238194
16520765
52407792
65331573
77872330
4049127
72787009
2943405
92205352
3109433
11060046
46787639
97705784
28043311
71847999
59286521
33419431
14892825
40264429
87093374
36732525
85899606
65702549
62328849
27720071
78397919
90591288
53339092
41546529
72955709
43590160
87039932
16498570
17420293
72472330
50649486
21742784
30308181
11688719
15116803
8110694
79198923
15945304
94654337
63539076
16388714
14782035
22669371
95677066
80075308
24159172
15717921
35491821
53286543
64040943
48231475
47665053
4863702
12161320
26880646
72663993
19584849
84631869
2095572
53512316
2777118
50135121
90649233
45958894
67415031
57048774
96385497
8805850
35863966
27550723
50157984
47773854
43764494
16495452
12515563
37936989
5968905
56832746
33458566
43670997
91810881
6793232
64308833
8188027
22420970
22067190
22117568
4187987
96340630
71747779
18287888
26142858
37988768
50529897
9710321
56127286
1017806
97789601
95331135
53750857
61228788
72004319
87757272
95845272
6559496
46676875
98312448
3389227
45808043
31879302
50680618
41559147
90233233
53747117
85824212
31780016
38343574
15890820
98530694
61280516
3541861
55758230
30631493
37754175
43626060
34436629
11508839
29827739
88084633
91296676
86907910
21398249
74611768
44034005
18472719
83588375
79896111
42397029
22380703
55432328
59932499
67729703
60607272
57819588
76331390
20384881
32021126
92785852
22955211
80374074
53260802
29441758
44789203
44814430
73951973
1123494
85163391
12884955
34484436
90083453
80186003
42014158
96263567
11330483
16295319
10859599
26051472
28696404
84877568
95733924
41845998
90409069
24563545
28683285
72064594
33180881
66283025
23629541
41341358
16881299
17727500
35769605
22333130
96383714
62865003
29044903
65861289
55778073
12818911
41017810
69775666
85804746
20612728
94859601
3068624
84351129
53754796
86529999
66320408
19084470
17516968
63538435
7915737
37909413
7158818
89581523
7507870
19142020
98804908
43909834
37152124
29362665
63363195
15430064
72319781
31790931
54503638
17208027
59653012
8776556
19291306
77367558
1879966
72156221
42788257
33590278
53543474
41907501
94929817
15326854
95800823
65686771
96213880
10194471
39191006
19091147
91297366
32756373
25274597
90190250
7901378
21590671
67377798
18317686
29822446
53159639
67413236
99358145
17434277
28558345
80516491
81881769
3034707
43570878
73029540
48157272
60625411
11241788
50700547
12622370
85398774
26331054
22465757
24776684
88885844
18395465
2674160
2048856
67559172
70578400
32415562
42215269
42983184
35933648
15878715
83992757
78554754
28585555
90207093
29003152
57670074
34240777
54999622
54926239
27724046
95507753
99048002
97798882
49974200
21535801
52351046
68740494
9000652
52412722
70729891
71185617
48582104
17884181
15545894
25985821
38639508
1783878
31033518
79137071
27597863
65221256
7934152
61995786
21710286
59902226
46513418
40047387
17431204
99841236
62678690
34844201
62164195
93439379
16761761
11535235
37900935
92292499
60989408
68446282
89817914
5288314
28251842
36867676
21564341
44107319
57446411
67725932
76730678
5626754
63825423
22463090
20887493
63919850
32764073
49297660
52311615
71957573
41209490
93658107
94296916
28578378
16374418
33254832
81163206
2265504
38389372
87432476
3255781
24778114
49545253
64042528
57076334
99969929
70236099
35522741
41512543
26267371
29476015
8662071
14616002
11437224
88886252
32133759
45763130
26038978
43619492
13483697
41995488
87130666
51781566
83248851
22757005
63235234
50847975
4220679
80569130
44115852
87090071
70993430
86373503
1204432
65939156
38808753
5069048
30833332
67053913
95048585
8489654
6075898
6377601
190400
52367253
37123433
10446504
73954116
42814714
79189876
87854337
88783447
90955253
13257692
97274730
87350540
13134542
76440188
39389967
15651635
40399432
58570469
67528727
17842621
74252048
48093043
18933274
508626
47700069
67668834
34786161
30042077
73442073
95182751
33281072
23177601
17816016
53990646
11617187
15636028
13223525
77060881
10250935
9474529
12315473
78723656
25203795
15008986
46437789
70801067
84964949
83177299
17231976
61430395
69364157
41818757
64532670
37731288
1806849
92658329
68567311
87535250
4380485
9839879
27587335
67037482
71842254
4730415
98841092
62266857
43788423
87399582
3945670
9720488
59006185
73201266
19233933
32251224
28312297
85616838
84884513
20659314
61672724
27463889
75991877
6015625
46868489
13966008
88422336
63399356
785967
63950567
57959628
33717916
61771143
73793866
71458923
16767053
68522189
77371888
79687464
49160717
44569703
1381085
76214508
37431676
24645640
36565729
43358292
82014164
17465306
86960582
97309820
20750879
91872487
70342764
26625532
4125256
29245686
36936380
89480854
20268925
76660236
52562077
49639387
90425820
8699395
42877212
6091490
64180183
14026484
19176683
25444558
10038793
70031685
3966671
42128373
46606609
29114152
27042147
63335964
48918941
6414912
74754197
42009699
21850117
85059962
53663603
32521699
47500823
37994723
11200857
12325554
37920479
11025343
14889687
42314866
80933303
8292676
13031618
57062717
21261894
56585297
57161382
41730971
34881922
24509310
73272109
59393913
19996173
38449026
61216056
13563147
90329199
88579099
29677503
99698982
33059115
18295637
39308997
58261760
89469372
99025657
25627379
60927814
5389312
40741530
54140868
39006996
49825046
63500434
77129705
84080607
89718524
2731599
98501065
25741648
18319528
12614278
8502590
90628621
87252055
21248042
88689954
87824651
86058509
70471989
68770419
91223561
20358711
79034668
3313245
45396357
30100552
46722365
10460505
78332309
70971680
46952642
60212724
32866464
29864177
26298091
73457241
47801829
49029589
46039097
62968996
49298375
35660692
96785644
97596523
43755833
55865911
73272171
52447975
32653958
71082558
66746839
89104164
41858629
95597382
19247500
34730373
29573010
95401185
17725503
34660634
14658893
90703270
98599010
99752096
39710251
18126993
82302119
16594257
25529284
88141534
97803202
59153885
46203198
34595368
67566423
19165840
41732528
62811323
16534851
50376993
34728478
13981769
9542860
65224123
65523101
81611182
28152474
86256514
41836021
29953527
81956095
59243622
84893657
82444745
7938708
70121623
54002733
56889159
2750495
14623687
52509460
75119786
60712951
67652854
22316465
23088316
38966980
98996854
49643887
5189711
93999719
17557219
4524246
21974993
93561579
44942925
94929124
3730089
99636883
66987648
50624147
44116322
13032727
30733932
91890134
62499608
48537170
10668105
38549034
74825056
80522003
57953663
74653892
21689348
71394822
96731387
96471974
77975836
58709663
38951414
42633560
83537810
18772218
78077936
51848317
79394098
47600858
98907461
46743470
12052485
76524466
7780005
20944963
91207384
53443878
75774182
39226364
72669936
9710829
14563031
6783749
43877275
19209557
15251192
16146412
70433323
58626720
19144734
40457731
61975792
85192391
54414730
23292854
25643375
4316945
29845570
61945605
41572453
29666870
5315736
11769010
98541478
98292471
50772683
27256456
30160337
39313471
97882394
39468065
91419950
19909359
59190674
38705216
2773805
29238182
57199812
41083341
75509115
15717803
52601199
70548689
34868508
25411787
71922948
7204184
69820690
39239224
59373250
62043577
96754248
16121303
67423661
77329624
80768933
21906686
28048497
53260374
18165133
90376547
60198676
5030831
6585659
90014103
74425508
18883483
97721926
21544327
242414
33010308
59359990
79999684
79688018
28962088
38446574
99412945
43178508
16246844
73921547
53808705
65770281
14354607
57398819
52510300
15875095
21404457
64732404
56238061
24195747
55537093
2509849
89024200
84690957
53274874
91600784
82374232
57562358
73669533
10598108
47256962
69589281
98621271
59146860
67393477
2093738
6663781
20996201
61250347
92711068
23452503
42173869
76407827
99617397
8861601
26829366
53923573
93497474
31060047
75688384
76067536
65394353
50038523
26452674
52732780
43956086
24328068
35429933
82570295
34045955
54137243
83466290
83109106
72796909
18896908
73821194
63763854
47166933
27272064
96006093
63077660
94149044
78371183
36707879
73814500
24049104
26484345
28934316
79189109
34986009
32890827
1918487
63332870
93840485
45100342
42340938
81768535
60785527
88629188
51574651
9789284
68446046
62149676
34904921
28993398
24963250
57476336
22419662
21022346
25440416
22841488
75634240
8888788
90133051
38626317
29917999
87093257
79149928
79743241
25636033
63943444
226119
44949044
3634507
24368580
65818137
21824627
77581776
57137817
54245842
60144957
81696692
83915487
25546915
4182678
42399709
82297381
22015542
83330380
56919327
63939346
1534661
41783398
72262250
3800677
70384994
89821399
76807613
2500566
83658011
79091814
4466637
99499070
48587267
34863759
14619069
30792814
68969209
70393912
88313434
26822172
18753780
51791400
69688721
63584056
19066310
89645974
4391274
37189916
20184943
45051251
25273967
71509386
11063031
79715761
41600792
68612963
24401640
14187915
15877761
89891176
21356249
57404840
79792144
13792825
3585693
55528467
78878164
79592744
96212691
76497391
16457194
56572622
43198180
71619691
72981102
57554895
28530899
31145035
40281075
29838116
99588995
3882121
33515991
20787046
47710805
20163844
11989139
75790343
48639784
11569609
13793409
9212028
84114787
38895019
89511672
94467362
46162292
93581438
87868115
31427274
5140282
18463575
30088246
99966889
22726230
21149675
25333989
85412063
67765888
14403747
51401450
33021056
30405820
77453149
58039482
26195659
99911082
3804810
32893232
77322652
34078496
47582073
42906374
29137910
6091313
32978480
94348359
31355796
99185009
88197812
51299125
56692063
10268668
43261209
64243038
17930090
27898716
36489693
49290708
22368754
64744304
77251310
17786423
5301765
79233065
50882872
7411126
26139714
88677091
51621921
14630508
40347281
42130698
23843747
79483326
34642983
37396173
33027454
91510793
76589340
91608369
89208596
91583490
56995684
75146312
65429475
4135608
77190382
11016953
7878368
38020601
92026908
10239221
38923665
66689589
32079187
20982716
38127405
16971099
72346912
83000853
49607085
66442678
96937438
78904966
7082471
79431173
63969548
67149730
48766227
46764071
11885293
23138477
47494338
72582587
53934427
43856107
44876445
6194241
62969466
97272925
1033749
91858098
80559559
61105520
39868981
69714902
93744239
76513623
97036873
44861716
59976975
60400308
56390406
61023898
33352995
84417555
93976137
81264463
48259777
49269369
56428043
8382217
12676423
94961470
70655628
93628420
41908742
75898642
56624233
77973717
99366412
69867959
92153042
41551172
80223726
97919819
58399598
3786693
20818845
9788294
89627004
4372141
83532613
24115521
99152373
56417948
61037017
44598024
44931944
10162491
51692898
35952129
14975460
33108962
12094866
46010092
19450347
77649360
72225349
77334897
43153156
85960504
53060452
67206434
71646306
75745999
59259720
16330394
71054825
25632342
26525659
91746344
87427927
14246413
95366761
24405430
90241117
40055798
47205510
31254530
29874011
11559332
33111812
67155467
57662852
48705935
95006483
25750971
68136866
42545850
34312100
10148514
25485783
84731716
24578735
64846035
83091227
80479985
47529566
43427175
84710820
4287182
55027938
77690606
27802986
89758229
33195125
64601113
81678989
87678952
13591424
12281918
86108329
11704544
97303219
87184369
71883829
74520819
23464310
48064374
9965708
82485941
24362148
35969005
19875814
38060758
45168908
93182080
5758553
94344931
75862659
35135244
85731486
46330439
84883184
34854335
35473142
19190926
26412557
49430088
42596150
99109236
31379108
37998582
57280173
19843941
29596690
29499415
24882477
59165498
90121662
61582996
95527854
72712086
47039414
46642290
14023459
39808501
22346265
91650290
57191650
54810260
86428553
41898263
26493405
83456146
53917245
5700245
75600669
2790370
65013480
71949848
59457757
15113314
44818363
94917663
59506828
69145283
21690491
35752378
62720496
46084902
41888045
3145046
26383543
55509373
1084980
68772498
54648233
29636302
30656046
28995288
45178281
81064683
99110162
48130795
47509185
78589358
54410179
54607454
57700376
36075143
37899509
12625438
33201540
23269762
41288846
21919919
8472144
46490854
85693345
39583378
75889786
69896245
62460610
62740408
58541912
10143656
33077741
12625608
13279060
76873281
12286599
23975579
26833755
58152220
64004358
157907
20389289
98719043
74865883
78979658
38687679
77185595
13662731
70477048
739948
28462022
88214565
80920437
54285677
61081652
12661428
64448221
64848489
16498554
74051873
77651690
43181288
54287729
79613359
10819995
54707326
87892590
71066797
17102982
83938464
42459711
38149207
30209553
80457364
66734910
55947582
64199862
40159237
55786266
8078374
22976197
14484543
56947939
70483831
69086469
90177435
1257512
90661867
49405410
50567557
3953950
18123638
40176865
99572902
36605302
78219458
96415117
13988906
2628179
25921010
34844015
41333081
3727301
56426649
75305766
95952991
86382183
18296058
3792958
30883719
15542621
407719
63303599
35383024
33682912
84451584
22284280
33075372
75422800
33407037
66849840
66307726
47338852
81918049
79189799
37468072
9778749
47998326
85098481
10548851
18846582
80783101
76097348
49872930
35277617
30217920
84424487
70811013
1648559
49738725
78397171
13526512
91749887
55305819
78578443
55286808
10472845
89446418
91641677
80898166
81380352
71357207
63688781
64280009
16910457
44322860
86913657
92211392
14107643
11754021
78795318
62209583
57321137
9391686
50220974
85703449
43115487
89838823
17547106
38600923
83255228
37713860
28117499
6062864
50574676
14972021
81005997
11916237
55880096
3570453
89771360
26494830
74284709
95092858
69370215
81832696
31356350
12827764
52672279
96441347
78215012
73330979
93576159
86781780
910767
36280362
37852983
90438078
78085294
45520315
5737063
55667537
59645413
25272792
63557364
51868364
97957399
39390791
93654732
84987233
67267528
18113479
41879147
33337303
17642961
51809961
91407177
54222128
48021206
663241
72701362
30661447
15226389
37292632
68659150
11350883
54341566
68731162
39430720
30532396
11670251
21507015
87929218
17065268
90108239
87000538
50685868
20969470
73202248
32699945
99286081
43887675
77531004
249742
35873387
75769947
25678009
43758296
78403133
32990554
70894420
30325814
92954243
85235471
59851280
71455288
52192083
46189484
94361823
42896125
7613138
39910499
48379078
10927510
55550512
68616154
98282468
39297386
43864329
11799494
78367947
21175302
89689644
88738038
86196472
63888971
50827364
66757322
35606640
87643863
56984194
29292826
97273697
97416443
45154005
1970910
33939592
25486864
51660319
10939367
13414713
48853835
60864585
8524192
75304351
8095334
70258567
57128545
93945122
25353935
1269472
58559421
60714793
807174
77555752
75488632
68016700
81360870
63592292
36664133
5719760
58787819
49103882
52762602
39839752
26289943
45316222
7649076
46536925
99620014
25061450
80125460
93159077
80032818
85321231
6646263
51794371
33543257
67874400
55755574
98111749
53831098
16840075
70786687
75526499
94076758
83554494
14854710
49002349
25147801
32259025
81560309
32661152
73174725
59008699
20690296
27599280
9807677
68333787
69695613
73461369
87987505
81279864
10415497
44120377
78758690
25729012
47839705
20547761
83219797
86613010
34635483
51591318
67590582
24557219
30290707
73229930
56193722
79481862
70386152
34789393
91432126
85875534
66737598
19605005
61447489
32601720
1561976
52763004
5674934
74895811
49481293
36868194
65015230
78158314
88651435
7025644
74465641
50217182
68317005
90457404
91267331
12354996
93215962
39728786
80646313
49443967
79968383
94277155
88309481
8118919
61424332
58271764
48659109
94608171
22890492
35660204
95238647
50518436
21002198
59894758
82957130
64864192
62665222
90219256
37745278
30353637
90382699
43072031
85816146
83361799
77328842
23619354
91148164
68346695
93014985
79682759
54442773
79132178
38355079
76035867
54897727
