10000
224731399
989286503
855642841
302222730
60093327
349914315
460529397
888696805
232616054
663119450
579378931
705682898
493721931
834059814
780224050
233790116
872263816
190248712
692138730
646711430
59087825
135858394
299506142
172527794
334318338
34737456
746534899
557814349
17491151
306778805
778549749
124907586
461493611
585084457
658120969
787035106
80746804
357732145
962528675
694541414
443574560
485822009
628064201
52296987
52241778
687893613
943657797
681841534
774912317
488800695
617032299
344714339
284773152
612475379
141505347
171809290
455084271
524676533
519201232
2339335
250417640
48289879
940965341
378252266
47641365
500518836
30615875
486745807
563068765
571746015
447071116
929599867
593430488
996017090
299958626
674269764
886825186
115703290
222015005
753307961
430561704
703878468
950468047
901579895
568947881
673681036
924051856
121309
320885173
539812954
624027417
617423577
63508262
266688031
181799577
444968629
515524374
395433572
843526938
627190983
78634573
950720072
105773891
536171562
49442769
588047868
500076235
704323341
893058162
741865257
179362281
843072779
963100605
373005083
215942225
830520734
374259316
558889701
483730286
191527642
405753100
187889621
876083900
765838014
515223035
119184833
804880167
894287366
106837625
127686450
334847159
451756173
898615984
119727540
594240242
373473802
138037253
268075706
302412291
445764710
249950277
839092632
345120639
125924434
511185678
326113745
757641191
381420632
259088108
911468048
475020254
807363205
991917595
363474150
110766705
14375017
466928169
248908176
204661163
569553355
373208526
919045590
228866609
230905670
789173454
900688982
411078195
194385311
195527897
176145061
380109197
97921934
62149649
668106947
260037691
933845984
743540938
299814699
962855648
575292133
822096303
107185432
226141013
146118514
862143237
981293261
717674098
334408482
876924149
719043364
578019650
968571989
600259048
257283681
104973037
254251946
150604894
850502135
586062152
979322949
966841782
461134237
133802541
83988514
640881700
66772349
412107937
662879690
877489278
302938635
143922755
294107373
478745102
431414717
502468302
950830977
995411385
190405221
553487969
838613018
317817483
522628870
215319838
363333256
842570769
692467663
702912908
924921256
621933036
726070070
245709176
292788758
272189413
501164609
746230834
917572179
235247735
265342814
818644200
946234869
838021764
458558761
320313081
792533214
902446552
166450683
590134167
786312830
276142845
733568067
486786231
812590585
825974149
365388083
344192984
251817541
364632131
878463558
193379019
365870155
384740299
660251605
386276821
467639342
449428350
693715151
672760973
328902921
26586783
663855942
51281514
756839447
560360708
104828781
439178651
798697808
149883970
812349476
890510349
952314128
805828715
536968222
835348694
71786138
965187318
303260916
993650956
609702923
959835042
827177543
208369364
259742399
234202254
61267363
940190419
310435576
506505751
563374572
817784454
475937069
267398564
892759466
379423295
619204411
306063675
819315176
896981832
930892762
46626255
894462820
348363401
227177454
419746108
67147703
484018963
415817426
188656560
223579876
950523247
379860229
240112791
829976304
284955584
102135451
143380559
709763327
937339170
42878040
967199031
977204340
764784765
897384505
22674641
855010482
663262016
603565641
181667006
5607426
735730881
272437206
344412195
878374422
684158662
637342955
785277906
536681837
61552230
211443812
127865387
645585760
336993627
330880039
414590044
228701232
197297500
665901211
655238236
977496698
81483822
497810983
205868617
909637546
98093569
738995854
889522255
11911793
531734618
227597954
285856358
750418843
473691886
771494834
690011011
515235439
768380017
418561504
450480360
115746514
987017702
970384553
559678170
157965100
595597010
342386048
949894904
404300884
485247795
376198993
919328092
774792114
204079046
270788837
540279914
93921825
233828435
9947369
970498035
416820745
282231552
387592189
78502898
120215854
324458804
111644282
529475964
850031842
944619476
433417055
359156624
355354338
381940963
630631948
817004164
516774170
626428842
342448929
494168880
204991895
172119456
726910275
670234229
960032442
294385146
655622110
239424889
235840210
177728928
718342523
888938128
634558800
715698902
639972782
226178167
464595481
835158452
429497956
306462097
979426288
167012355
267703032
842408976
85591465
639428880
735139956
768532165
666222661
960401556
453489098
359950745
318942335
857210551
653250659
880209570
608096812
499586408
388319513
533209817
413825388
234307871
337727969
71598971
865905979
144757165
850145297
175371966
743176492
98832173
896993484
553037423
491223376
909753092
393436000
702514476
687544412
145507035
129891122
999937344
455092144
551898663
38100310
467616981
691496877
924225938
733806191
487356050
745080576
944771738
515421737
884982286
852353275
968869113
888759765
3417351
799798316
806100208
226932696
342562520
972634841
266606975
402801306
919067205
150752030
159170468
621462087
492756107
703257973
997851953
762781663
216319058
776760860
175539028
177608954
408966516
240713447
627113663
298439889
122901625
387276142
349002119
287550913
453220968
375892639
135919263
791472241
937101695
39477975
724956096
314276147
735320345
349413117
249029461
92679510
865597504
637739069
220783069
962814978
690382030
341366585
327998881
822015665
794081814
660543702
954125526
252518899
239351812
558619943
664913445
784182758
205807242
702843447
589080542
426874053
935634095
419183247
269876649
170452048
824364976
141248289
229946402
38309049
604577165
215231110
467890907
218112875
525305984
820185188
307997481
406551508
689859816
697051975
788071465
762745352
162240617
509929982
6738007
794924943
174836832
227621233
823018450
435515930
133944611
938133706
548256681
424029525
92111973
912383363
8365346
325601476
993552110
775918443
810858645
18337638
369087468
799991733
365054231
167321968
47082806
732370454
65132201
354159139
672478005
877871000
552007719
489103902
52646247
640200050
606007801
231941741
143196188
155329091
969024911
239260543
680358850
830688568
111194699
931624341
124924697
569430094
845908227
930604803
913641420
465902836
941110667
238358835
942468248
741014944
750902053
293837066
787659981
386531545
176180953
709243971
256747059
41403076
72944517
807796240
861225474
443501586
112787595
563458426
611354308
764935355
157894660
128256235
407954080
108613343
765596604
796455199
984116217
996694695
7764330
961642994
607166607
753354138
526196667
457955858
82909073
862154904
150179579
97114579
330963092
960998316
951868705
138757394
163819226
486568781
182656538
326100287
328336879
860956107
30965599
653341520
259873076
124158167
417673682
57363625
39741566
164034223
955102116
409367142
440097006
251997728
49767208
635401976
899990448
985148640
424495896
562834260
783176570
326607131
723492144
578715485
630152649
948774942
782858276
980373883
367038480
250950027
846499752
539030978
12668141
541046884
788280717
214794612
350737600
244024838
594196578
772764923
452524169
790423446
502849167
855013721
378102375
1150356
895146383
266327863
776144043
202937128
27701912
47177013
420390169
637831460
473737506
811220010
269809762
8772585
462100918
469208424
879146873
292894264
72045420
306340372
99327712
21744517
487779033
409166313
842171120
413701806
342688828
777854672
229454704
466056240
44962632
964307341
901047019
318101432
156283524
777684718
999976672
971768847
512678478
21327271
801471285
773996085
680129135
879354302
896256420
60555163
197715658
325914505
508654185
564410147
772433301
438830657
114874050
469595716
410546791
365707165
335419639
76574349
738766686
833587557
742803986
531663251
839867738
264245089
713066925
637297109
43798032
69857526
766701335
829815119
352974694
189045079
477605162
9770325
429857671
445396747
15840404
109557519
633684205
191830609
26847803
426976312
570843300
602304786
654818424
517293588
691460040
517374177
729913427
707125148
959254384
134500225
736781053
33560226
115240558
436916116
174487931
293369858
968087419
596920047
673347275
147255170
505170789
848501758
464460888
573491133
479064735
945880680
41204671
705712621
418155657
731305963
672833694
726878051
652912926
127387301
534734049
820456201
717755263
758408320
924672358
357537478
854427426
700649364
366662595
443349054
391549172
129916879
729006253
378465103
31659128
676855075
809632787
370116033
278325305
802324506
235671423
782510310
316356262
441032272
616542116
888754183
705666284
212206994
812267911
239575946
282930023
781491745
758890830
96833212
360204381
906172903
165862360
430411405
934732831
486421415
115971732
958998831
767741422
154900450
698198982
335765607
8772416
325400342
692706496
555631232
143062709
933342270
496888991
875019831
407827201
223979645
21797012
820024699
464986172
490703971
263267356
781253785
155399220
18968769
434479926
223431030
33079463
281434217
723888249
652317496
743098104
32928718
965888647
116137183
679163973
599647434
780164086
3375681
381520808
705679363
339657046
115229677
138821829
129813460
181706112
236184665
784999353
943390915
365936545
896711521
845108424
570644976
737582834
364908277
795397558
106123556
512493305
974063775
701819906
964316204
132540469
571610846
783568749
902048385
30099822
359786132
139611440
70253907
906995654
503551868
777425368
521720083
419812825
794468968
611483988
904810438
158498877
754392601
157862856
750484569
29908863
132326211
794948219
683375522
569886856
106013262
279747742
415002557
136326201
654279695
548749515
934253841
558482868
175754747
296994262
68360393
693946789
500096716
874801615
620892111
145098917
760684658
582813994
209329661
223089300
635284764
770228775
39117683
749070473
364964849
886864904
783846915
803533889
770089619
748611808
484933107
593324572
565166999
179422369
670197393
639934722
941372454
80024015
39370893
306806881
478218307
109076779
553120771
947619700
650511636
503161865
791816703
40139737
314822331
803117845
957236957
465188088
183679266
123506500
777913133
244689514
461943239
670702748
538248269
441118464
90361751
414029034
433275145
410850191
269705483
647143964
396486278
639160254
167324895
116577297
459960444
279602901
372684699
510219430
358248317
508420962
635613877
246601197
780257390
187883101
194180690
415792570
346789323
56009961
878921096
567745833
351879871
164275498
917376323
925936792
541967360
375644004
308058400
349812605
904884651
812826535
893365652
251379493
408471877
751804888
516752369
626166762
44289443
806743628
514177081
948018279
503674809
543959070
98222833
76787424
983523546
312735164
286861640
942335806
303337618
675396718
129250577
447770107
586393878
915797107
48531947
366373867
456654721
415494243
547312468
760578987
947554343
547510450
962754265
406793672
17090791
525971731
134963659
375713646
51863426
894324379
238776939
988766891
690676910
54870318
539114126
811672146
840420313
464727587
131706709
333060286
525801929
391936863
219554726
478273498
107603293
987245549
912085511
541417056
685742970
360429916
229544866
813349614
21436160
782290977
357992918
837569344
795631586
529747132
721853964
383544832
951429806
519347191
627060228
758619599
748552784
313981064
450130240
151656173
426486571
979453120
392475961
800636757
724633501
864853319
827399804
828549820
800306817
868490929
410743150
731548745
547471690
505809544
106208551
523657387
619842142
578468467
248644112
794549707
154373070
167951256
171817690
638945285
530669381
455457976
44012183
989932295
502135687
773453948
103639013
402260350
718114188
691935057
85848785
701358718
202689799
492958966
670248242
336495002
998849875
157419356
637017980
272302015
516870929
251875743
677121302
560900134
981734098
177609917
779211842
957183942
588127196
870033284
155003684
762828931
130279520
183579736
549564104
442360575
713372220
172771607
37626943
664780342
1228411
985646407
587454678
795635863
841867760
670379720
641687662
25168415
851037401
4511800
110134483
985842926
759263483
104579643
13078693
133708112
662936491
668835033
675591135
533764997
823926822
130329825
346423627
749058226
686453562
300895942
267029361
47413510
551408269
439194512
754372076
181699281
200917223
520607113
59808359
159520681
362997054
297689486
183745629
138732499
349225915
455865780
284490857
647121878
269788056
727739828
360744432
415493935
140216374
461729147
892879382
594573088
868634291
675894975
437337799
659624267
409538636
750763539
449084878
88419850
582053244
495791029
872880766
466079806
634667028
197566995
889538441
842629545
264587344
241814930
379480049
974046528
867417149
697839886
248762144
785062672
786705061
583389351
446788220
918772332
496855374
973694408
873023224
118278125
692728425
370528151
375299204
201280268
750808215
732547332
802568517
867804288
682440653
834964070
884575934
682120608
864714496
385251953
297632755
321717933
228081516
311071189
125359598
915867230
650301504
467287584
674689849
372221700
154427615
400688442
878594400
822497093
949320787
618157811
687531512
199049375
659418646
651556953
60506911
977849046
861859478
610551184
502327216
713872830
857311515
370119774
795753436
596485622
163003324
53480384
824553002
659452521
555751940
94870179
870804089
726393935
634383230
602104776
661545036
412665926
861271166
302043771
550860155
589214770
309329731
390940033
745646197
303088956
670630725
639748692
256373647
366810174
218532580
886817155
798343915
959941484
539427842
737061349
416824211
481583057
393797947
356639414
343857108
125217851
412969610
890870317
695972
56044704
737089560
909414986
834525282
181108057
598171454
219887808
809419586
611681425
76142343
732429632
154613741
808398043
233941487
877748940
136271805
1064648
653357492
673976797
5273205
561121355
789906942
851429457
232525830
949990134
628247634
512292621
848969547
614346491
135819199
532047080
290889138
806162957
895454332
429540021
846364485
999044127
167108283
521947074
114052612
237640714
153134630
564475892
444741122
711834376
736300402
667748238
463053832
90096679
111456498
915131602
862486936
181857057
75912420
203407679
623952533
482175955
94212315
777836562
262622004
774024074
343930340
72710782
869719284
19597144
229193288
65598558
716861755
621793982
909542274
126365829
98146689
32389740
583861632
702039005
558993104
60468741
439504829
798984905
166060104
414264115
906498849
93588877
981561258
617024841
403776366
269802928
270618657
976894677
110106465
810633364
82511097
741799255
971712507
784510594
118087354
807327458
192044779
29787019
212704752
142374711
703922242
567301590
597932491
515278215
201418154
684199214
399985391
466135514
216120345
896347489
34867075
461104656
409391147
565399273
845844820
190256080
458869767
28011378
274275684
263725279
678494893
444732922
993984715
754715633
106284127
626371886
139248270
458305972
428942020
973829173
152489337
818868403
207564356
923491243
714586640
751750848
408140545
770755236
236335670
941868197
713889446
666352698
782067390
766726932
195822277
27960734
347029406
168347012
63953869
859820489
38253183
861893792
721592311
250939823
450189651
699562121
209512397
22941791
224516493
871181721
892844575
12553853
430312876
104329425
782700048
931732545
135993672
764617332
482114155
387480494
336195014
173616002
20192413
17992665
411788874
883183256
429050749
89440586
869554367
452108512
564429886
144261798
161818662
505450818
193334237
306847167
848678020
715316493
714810461
935396882
381137484
254814432
836439169
806458567
182861306
352365690
440946864
264252896
279437635
484026784
293910358
170607522
683749327
994499962
349178482
186926401
681604294
728251089
235204823
145003878
881012618
246986550
349655119
601740201
742221662
576864593
579581993
722394256
625782659
83703686
429785434
601132158
812109003
186145463
564246406
301255666
263526432
771339099
459205958
191666835
721773780
685707586
777780104
539820056
849635319
387576739
3635035
765541458
566083320
604939142
862562018
603382192
240062893
626176097
411373482
1245851
49793153
638886881
569866349
956196396
250913337
94642771
948179996
307160392
185296528
280449654
509157818
680154747
103589964
808965012
376266299
582262629
929613749
984580445
4620988
909968883
218489700
773537144
391595300
9455593
719441295
852924522
276109703
101707900
539754420
471896399
617950311
630517281
795480385
234572816
607180512
135218883
483916226
658723062
514719185
628950112
852796478
581862818
958528072
257263515
251850912
21676446
283472997
812041083
102003671
863783839
572581927
511145248
955876123
204274889
530256153
745791949
799680594
152090389
880744699
116133865
486898666
62817376
25721578
810746343
283223808
232589215
215168478
471021789
123990820
391911555
111822812
212215350
398133820
453961401
902956840
666754762
133349279
834779716
870919501
608445418
9019074
167436070
374127191
155822070
640913420
837142689
317094515
608221254
564812622
889931543
478013286
447322510
837769617
516185897
50768340
739117492
143938034
772594394
951295034
318975895
692297905
455784218
415237857
985739106
692641206
640813438
521249063
376463698
470386990
253081923
102166827
452121703
25247930
726283688
661411917
540452227
898843980
564600914
206965972
504909725
834819757
712173400
585933779
851130653
581788559
958498408
17150544
927805873
478655024
170219212
428131080
863460267
193514233
713692905
338702278
963228229
117427412
333919048
426624460
188907352
25433820
37800360
935206581
850779255
445663074
337937803
101625054
318512814
795710059
458211825
261415370
745151541
678662957
408652697
172228712
540983682
330928377
443202707
814453710
448191626
790737373
675889304
43015806
650108330
933603713
831454723
959315533
320973654
396248654
241017124
850022131
907669236
928817364
543223839
419883345
209099206
217449573
57096591
391840872
879380937
897872681
575716408
885336155
86315619
750097851
373150858
939638186
432807489
394988613
147385074
222514912
894282465
206430348
312594015
793458299
51745000
476424399
698224370
411005053
303867643
589721832
499171129
562782903
72123321
795483125
123079304
701187242
640396145
455811476
427110285
337196408
41574447
345706137
167076693
129311664
732742223
105075563
796879762
232332877
654091020
279409495
306357166
493262622
163027229
454961158
840592339
405929397
867844860
276644114
225527825
599765689
893737618
409720739
900610489
696072499
538982462
880571007
425144533
617527328
292776060
999438345
787088808
15218955
801365859
17279244
457240087
843028231
588573455
461851958
959381644
447261217
926750802
970678054
421278887
926771366
116082779
736040969
168231339
320196743
502190376
209396911
858920294
633225427
755822019
634590431
984946601
635004038
217761377
296090393
25369946
636812051
491976527
456461872
638629984
611169559
405826618
927279014
1789033
84324198
480157681
493963962
120359179
279168327
389523908
343356557
840695254
266543999
837405059
367307628
646128613
460184589
24528819
845266665
870219523
277128786
360808149
375657455
820439586
573355767
315421166
605121904
674605314
695854573
581752410
930557873
946238791
831153841
528391539
83086869
222624023
839927141
972800115
619010683
389574252
890811265
210289683
549650975
809422551
889813444
10984448
192174276
941891479
726587239
265096259
632842875
725505783
335314526
508604884
674754435
612987406
104335872
276013975
194049179
169606149
311336070
173423764
902216817
9153950
111319647
680508988
256078452
692153776
964652736
70444771
966400551
324449741
49568231
456348695
304652942
177821045
859971690
974255107
386008799
174495374
20759544
724965149
987146674
431190541
878443863
76526368
436371741
675652210
783690601
446328663
259940918
735990988
461147660
335064184
232928006
887801013
462165743
144371372
424126081
953009822
88699574
665998251
541688609
725328793
935474396
815154184
143925012
64928228
834541978
558029094
737948601
478217961
531446629
345339147
192402445
980903304
220601157
760623160
45247201
380502739
653256962
203795051
471061587
556394497
172631223
728391638
160809190
573027269
758328337
766070866
126144792
57812711
182993860
631011983
818767488
710354124
169421392
301606928
57545273
656815133
109217412
990298377
925228176
692442908
843510631
274242744
498854210
284806518
551399145
186045350
154859814
60928554
635137383
199426440
303056126
665950505
895642938
320679296
997185708
290768352
189709497
719396443
585314993
934115229
979009978
622236044
483203556
589614148
471585807
942575445
887103202
565518552
786291213
942052649
344469874
342347766
495315231
508080231
266669193
2235312
495825858
272817538
181530981
362612097
362857459
353740642
147215290
377984756
128483357
745154177
996186263
488972930
276361486
923433430
810597816
448593109
503853333
164613009
910068794
648563337
743464033
516154746
603514240
955171864
163250625
147049790
29781436
911953967
871371935
176800459
603100810
159159979
844562833
94873269
95359225
78630816
816672556
20815644
470299525
264334180
905320034
392711521
689142635
453054390
805387432
886949404
617497430
40941038
180801107
704913106
882964455
905263904
574991422
34550189
83819175
174772074
465127271
85454255
315113299
536535790
90903165
740881164
266962297
665793299
859323343
45895685
595041626
276921392
9365593
869851541
187509745
988664026
396103097
300985294
14643537
530767445
190380965
902485932
386723101
656080154
195451643
599695088
434032354
553498231
376165124
347105650
985621689
63440847
331304035
887639107
290157382
292555465
50095864
158954620
232628223
212135201
593844205
741990577
439155150
395839936
929158688
411405613
160917123
174130054
372855397
537521491
531147848
303085186
588935076
612662279
584100500
173872361
97116218
420270063
591538376
539402342
291787638
290530844
282755816
275586492
232832992
126234128
731657188
697565186
76960028
341002666
191131086
935187413
621927162
469856593
941959888
462411827
581740987
462200484
524547881
382055624
568456139
736865975
28563347
423322784
573934177
597447428
502348649
564835643
447297965
459137493
191323919
61593714
804417784
218767996
242183826
588606005
280224096
611518121
13010607
284173785
27417674
930229450
126800580
834675264
941676921
461834437
708057404
552616669
160935496
599899719
428192394
916629145
554802789
841669828
327286183
408211014
392175566
385038428
370186830
625761426
848034163
963489543
533603792
559676497
450881937
253134155
386614195
852490893
213812592
899435467
757497834
605047104
656129807
211027839
805722441
191479006
317789626
774207604
783638682
957504779
513430053
790900066
808766613
161513223
472903498
234698153
68909805
581182314
959188639
129918014
395767205
538806912
749111882
598008465
187729281
84088122
254589523
971991943
497414008
779054090
840238901
76052687
307556911
379924159
623501797
8391260
33097920
627125575
446248956
366564621
813845622
535072428
320379914
18287885
466777719
124084023
765679045
557344276
797593988
607233603
581757123
81684341
900094217
494455351
842837051
348894407
757395771
701358295
684878207
804549827
863803829
995698138
767239994
963919317
794765415
493929133
324461729
288275065
738325601
995250066
174828130
748097226
657919750
791542093
670548436
976843495
776422814
13172371
237531799
549112266
970034218
950440101
471213401
979077047
431916691
322067860
159529025
75746391
494600869
607744906
401181810
349858720
643702157
845577847
677145188
737591016
988919527
741210516
635007713
392434283
376018838
751237901
16588669
163670323
625450566
474369633
322498534
352194947
206629197
344677859
277801922
918264487
993192091
120539226
652518329
195279832
360800630
164977040
625273737
391277635
116985378
716803236
568605525
594251414
581068422
176663046
391144050
962758989
703441638
697219266
693100253
309308447
748084150
615931110
536546490
883890118
932787533
2327215
431588063
261313681
834398743
704165500
822123344
133418125
438446400
772512357
327948232
594145259
671039511
861412125
105284922
629950303
825168437
250299369
259240554
881536527
96092632
111639369
729208437
853841044
604000802
39644787
725798417
716352396
5608998
656991578
251990933
647384782
127548025
746658061
668503313
334913971
197026725
607100546
383373028
439552714
870894472
358247772
875258301
977153017
253071407
708676203
13790612
70544116
478020558
377912763
368609667
316995512
503389378
673986924
79458769
356749641
155968962
861020360
730237212
193905726
753269726
752672999
798823039
911481331
569341790
495668614
573878242
53786239
363416912
98461049
670173644
70607803
180407707
563026318
187057115
206042173
344339251
384417961
313755739
253593757
998297013
230852807
162341804
459494414
648483459
52782712
925429513
497268546
131385722
592231484
170482557
662405889
354577031
721070108
115906144
23831477
251706558
670373183
928156647
101851297
536673722
401139594
298563046
434423940
606619882
458035355
85723802
170789894
661971244
346084133
636749028
933302681
712596969
372627929
632944901
745546011
339314970
300238768
466501470
668002585
526152706
688975451
743344877
800439338
908548053
339316001
42602033
559626749
932551843
674727003
980177559
271295778
279272020
510569507
120516014
590045770
551507562
146985500
571996952
35732194
151246173
118618041
924733546
817683671
998128821
547956726
256611565
999111360
118955500
704914307
281397829
67539902
585473457
300760998
740875531
184546313
175148308
761110288
679482367
15946840
661866242
985237048
468234753
440070224
200485495
632995512
971824970
83860363
543115676
279101964
686168437
767215393
800472015
271208879
68408723
687704091
910948242
303144404
1189238
868299689
723127731
417794387
293171747
859665848
142048930
489219758
404308650
221499740
46865412
993867803
883404500
454877759
827325015
355835122
234415044
561860738
502538270
933954631
532473601
269865596
560663665
131821208
2051612
492373943
158516069
158694274
717934351
716425309
978083490
507238716
978823509
9940774
80676828
35633124
751982210
872983327
792826733
691222205
965575748
715060538
901101529
227163164
86174285
223874685
477815686
135243855
371691642
968816240
347051473
490774606
597240054
109597240
835286977
320536597
748633204
402338054
390815490
311883341
88504068
581459571
426643798
274062084
167351374
296827627
445860854
468164290
197640590
30781483
298459366
973400356
903034599
250258534
590222225
873799570
529163820
863585555
374031987
161699389
794623830
764897151
118865293
596480165
929382188
637757310
730568584
725738344
804892530
694257751
660676849
927630557
617214653
333585414
375074339
10337388
405797823
743532826
507231895
2969413
657399600
743050983
402121407
556526445
938277861
386293597
763687032
453678737
281908589
899673392
680128249
566089620
467039178
406684823
526078114
46015338
321109703
700878412
66002961
389316747
53455930
914837762
442564717
385192662
688050637
176547998
326970045
714978263
564591104
564043872
177073189
968506676
504337499
620384285
223981387
965873268
349944677
186176534
689164852
448312115
549886701
306065261
550412591
419595568
81142945
289237180
696637120
852656139
538054987
820379748
871493764
597258829
22365950
967871679
27733050
24581453
474691
203691301
650609503
659086101
322433515
319385320
80083772
883815251
615755786
232417685
785790676
876574668
78939030
119649289
587302275
661968332
251086741
680825487
339476427
230926576
638250322
867244755
990098504
588068245
620877192
920295709
108245461
735492981
841308140
199020790
800459194
845230897
734739488
967627382
563423036
845044417
550895090
130810848
787390248
667840174
561674597
435978676
947403973
474116946
970781861
140823821
344429248
976269431
488473111
30386428
399018724
1586065
202535326
165179487
603563810
205427379
629798754
437413206
2259864
426420958
74185181
874676377
938727573
397007022
544921935
823688293
945250489
255317975
867776578
46685849
372443549
375562912
244755278
966296558
182696875
660176745
850567559
984282595
563295847
737352802
492980665
474093547
275337761
159186645
264204592
891762377
348930907
622310948
31045693
511199009
229128519
456221994
424014991
246673425
521530235
71250629
334234763
248266661
390021438
812398154
78718504
616156901
872785887
641030810
656963240
463494116
204233942
517274824
463660397
240276447
601007109
886023592
747177377
751832000
924611175
858095169
564705744
320786432
126847113
597653791
664891954
354395142
160991005
820599197
752062434
891042
786677914
219542373
785862004
566318496
431519378
642785187
734072504
526689168
438323129
877388415
721126877
857914515
558578071
785268748
737208602
8757117
917168113
973607839
687127044
452996213
322259468
630418292
575738292
518876067
93960444
417100154
637198084
906846989
168866429
406704365
752475566
125211855
717923447
322959010
845109640
475587480
477522820
2424291
221707731
442441296
749453129
937465366
837469351
463825105
99649218
981451367
414937752
280478159
109377808
101299935
860561185
951066980
596569836
144598917
384246739
241493154
770445959
370829784
77324503
668297435
205037633
358164166
638760789
537252633
139788750
974607885
445928041
370730753
710340319
926440800
879307554
980408737
918256783
758382351
952922693
924417043
342901828
588764578
859011448
896930523
129390868
804032544
607609266
965237591
854140123
775812881
121843476
123007179
827453480
880939186
511195046
300081620
834727884
520120381
639288893
603521018
528196055
590931801
908226385
528937277
341933366
298234275
711619800
108471385
678871181
264972952
354740904
884507951
632780521
266683410
222625963
404473602
764888171
236905387
741693083
216908742
734503791
620776110
303505913
938060713
435765869
634712417
649472120
662102773
373910452
420205194
774555829
441916981
33835414
995113846
30821876
85250958
911879065
880719162
546392075
741733358
208091793
675783677
709552189
393492937
562407622
171413007
991412842
994205690
229492814
707072478
229517987
984626283
683328513
194175144
15867439
84165868
649869730
566642373
947177815
763329637
508478881
599222332
604017423
535922522
51663990
586333648
586967141
230826770
251034096
322454154
998703313
170832509
23219329
905644799
924184170
100769727
157923961
954939627
844181140
241735934
878245141
206204208
950854120
472297217
811466187
542754618
151752188
12003216
50841987
54666338
205311481
510493372
651317030
235892319
179710983
490807147
272833419
779514243
535905919
710976359
643266805
961127670
149621595
309477545
694252209
385898152
863734317
864573395
378765273
954946425
410400466
805922842
804307145
785339878
920576261
52275021
537758327
313056601
642104623
552461542
209307435
507304970
920339770
710718325
669879067
701041434
989844332
51194592
321401222
608956226
935154231
748521995
30253105
680079880
42387565
116069162
268703273
128362037
279607273
327205035
299561987
488092747
997257993
392154071
482978014
393252820
176180911
738805352
906037446
743721597
269523163
231099669
768652595
724583950
137142900
238674729
332343101
230232955
956056044
163171340
897043766
792528453
471335859
467202689
647306075
800871778
82990068
641302833
365297786
695166357
299830098
144062946
829676079
357507693
843745144
909036313
541579354
505811619
479648995
234357064
936473522
56755041
206092803
554727591
124063705
99420068
221207842
26571719
24255441
98152586
817331738
414556499
104162626
283168834
588543963
520799837
463354415
186888521
584235552
567329058
991970436
71912592
96631531
919348710
495971205
937640362
454534319
587231788
621029191
945982118
332698812
548427872
589525356
24579793
464739333
167131588
229136388
934904232
573641988
916277595
187995846
514747520
138200050
711257408
624859411
246536804
803096114
722427053
235227837
419940067
721749071
307489499
88385340
546723306
69152176
996473132
331283016
30556071
817854335
529328421
398757877
223207712
118976002
746467059
32450798
317664015
601748052
986048019
508618210
552356614
148857658
987918773
948636181
571856684
252321669
710851144
830483688
367134807
24402872
870410127
125063711
342489767
112552924
779181788
725438576
973402407
445513664
773565837
169715034
918822716
10021963
212727223
318298877
678640510
798324685
473648171
631817970
54688555
805938571
402527063
497786905
719564728
453617319
381738169
423124467
527648056
25306000
464430889
125019267
320862397
429395535
276594507
446987397
578810300
326493020
537037551
556992589
86564559
610888809
956079956
768813531
995753825
650201940
485789115
50829935
555568840
526254947
445035664
855290727
167059930
944036816
475989237
617260331
845376811
614194089
555234668
873113378
857411272
551218886
60318509
650075078
529959721
98427161
157847367
855023029
341917696
121964236
254328277
90838202
51372345
738130626
470626725
462795457
141822068
461299888
643771793
399646695
732142000
46558303
251687154
478518309
817094500
53226853
1605919
171374101
949988531
962910537
416873936
901487212
292615643
852434523
456715869
945005911
132165259
652815737
231577204
128530442
223680071
165765838
42700917
129493271
455138530
616693492
511696457
588924345
601983626
639886093
25846897
998588444
890010743
124217598
193673346
837201460
304580067
2471994
518798289
516171821
237637872
233035049
451244670
45517655
863312365
86123577
477400076
209874011
547399717
331072462
684532757
113034639
884847190
765430481
971272998
130248302
135145407
530343477
171461576
623965129
73812785
888416558
628838115
798055943
927772239
769089018
660931776
679454066
81583021
369117518
445829970
847651655
766938185
755320348
527540237
947376239
787585211
597155115
463766599
880733577
31872010
969298214
978453669
61088089
96487894
305048074
975563827
570258262
835888495
663376359
332642905
87837564
836154973
802041909
166437116
697927067
615382796
699073860
963845738
253183171
490076479
696834757
712749801
451412781
403376606
199195843
193648387
51452482
977853503
522012385
68888166
389196010
28682702
784885538
38129868
410116107
362807537
127202103
51360434
917655271
791516593
492555707
223673203
220417642
273341268
124336258
220742897
36015650
396535743
617635899
328345110
432285429
752434947
615057766
289164752
252950020
615680940
444076982
532518876
961423905
195028231
102152804
105244854
518453949
780012716
811686485
206659553
798049986
301191338
289775306
31665554
979755304
559436310
702676636
998009021
559961850
561812145
103844247
427511552
711006732
456647919
816383749
379384631
530192309
125816227
997012409
751672609
355579228
818318352
737311372
961351550
683870163
795946962
328382344
338043985
356831472
547445575
864322803
624313525
515943204
295283692
638690943
322612193
425348882
858328155
917109806
748947645
319954921
659934764
623776072
662204861
5273963
471402188
879538752
14258260
649574369
632198006
491659447
904965841
527767169
363549220
113486129
246700697
849112482
80036919
762493917
517805778
86708029
994698906
934597181
481201489
655587771
102786700
862126777
535051641
904517925
410141471
500708093
281445897
996093940
138284676
292147082
956287256
152389474
17587219
473074915
422176686
263883903
887530608
813706838
273557442
643478585
508369655
201869315
158303144
653172100
531651517
667413988
724861253
673363203
876094810
573624563
721365540
646966672
792571047
712863675
185958803
315350408
562030064
329107188
800005896
81742026
277872818
916028097
26127702
701989904
767916641
659186524
324008468
484768343
640968633
659603720
638048568
714100038
3188334
580207196
891807009
384512764
75947834
919626571
69281334
27754806
933519128
857045513
818168960
375608342
105393216
36485086
249431345
889247973
799937962
635270880
669558130
433780495
696245545
621946881
260756133
504040046
197575127
882182401
132970142
204987650
716680793
433632613
869707665
751490131
674718124
22492947
707416700
650030718
771747156
417402027
979837377
786149242
222712392
151208430
443880478
695726615
794383385
822246830
979881500
8183935
529271769
611560216
489100115
270392091
179304174
883861815
986059909
752717065
616053460
49248957
836435319
12777686
136327785
174839144
496999980
119183141
84410380
941847493
248459292
342124472
111051070
908384830
309009319
429260981
491753966
796053355
750161421
903805238
209270466
380883913
157132179
964781719
106961539
681527285
839941710
905041939
333419512
582300629
201211573
98410001
83825692
865147106
477606598
78556903
588476631
239485630
703150765
781192146
373506648
471056778
831226872
147014340
13557687
211264789
218569174
658505904
381319167
522491531
614946834
401345154
671379235
424040163
395381011
879487866
476773162
182573240
643375349
118114933
867775422
353315885
881621894
583194254
878562100
570122041
952488425
570140723
294867849
802732291
983460395
249835643
665262263
777716750
582934721
192532409
395130526
386218093
742540563
341959946
868673498
566487091
907749526
144136518
23346139
291663045
635377774
458209456
682894121
10118240
197200273
552290760
288419954
160149448
561512943
35160649
797559250
394684603
869660529
71300104
173926753
979716102
38705225
116870215
676293487
391851943
562630188
369884510
815214093
88561757
80406610
985645414
283074211
47680015
968543733
735136514
227624248
844875727
196110380
974997208
107818231
328819330
497181508
18671193
579738568
585172601
708330604
643412510
556740842
665649846
43049758
109633000
791866853
730609020
632387022
332495691
951569658
937814239
495773851
83900529
157959848
759259790
619722858
492932054
524554702
430568473
78952881
129317416
503692646
704307630
957899246
254892755
119392604
371229740
743424253
543352454
993538241
620810976
3661977
718821502
865332584
271854158
583706055
232269647
994349285
211154033
611869682
580931118
703515518
340114975
207000815
214318968
696395559
206332829
741850917
992053406
363357629
72065240
809150018
969378344
850854548
698391859
319050321
335629921
73519831
428166294
488652023
311373089
663308571
165666359
894008725
564731014
577781730
288668938
707606731
835399698
16322928
333168097
251400908
884649077
395806015
954453366
839406754
19891967
569369581
228264201
119473550
690540842
159570327
804466514
892422617
568675523
901415128
763089833
854524948
535318236
73862035
22924883
817649849
255334947
805812299
574309678
31508551
389021333
918039272
920995230
356104302
955945948
226340914
822551890
984969987
834591691
624405250
470190918
212669724
180258723
349116563
467542361
36556078
203590927
191117770
185600024
602334871
478936580
280495548
199383781
529870948
757914177
597919532
480646732
182212019
758219114
742970800
201288802
965821146
853831230
685314855
769845361
806976440
625515971
713678270
939596829
345952465
224666817
82866820
67394363
187696169
767262623
876133774
630689934
636273469
704205752
284314395
596021597
306310678
362235728
580997265
293217168
182464297
69183057
121571660
684078080
702371741
472942099
567355364
723166340
650359768
363179303
480799973
313138813
274808690
391421033
910861950
971372710
85720815
173554317
616553582
728636464
103629592
362531516
271321454
835229780
175461645
268445424
738480045
265655452
868810460
62104430
52892596
972116852
82540855
277072441
710646198
526032007
145006846
774910432
930368127
910282621
151062317
2685827
725163294
118448503
468209050
484070153
597542249
978049225
985553262
199529530
700463752
930436184
436724859
113631062
597678304
377488019
158185470
55830258
875902921
598745953
801537118
638490658
506729540
119230475
444699918
43773276
320231038
903100030
146182598
607591357
332177183
195874818
491228814
68326038
962682713
45714478
354876789
921235242
469187474
499662050
452521982
95188224
920401182
963449874
363390712
799511664
69196158
441739506
806270496
10823303
890748685
834071114
622974224
705277004
775167161
973737908
839328605
962696950
715720128
73080964
661085529
74478023
447698768
315856702
993865717
212035691
807281198
507876174
757573628
682133543
554529121
580516535
283515917
663664146
518013568
912190368
343357229
884220809
146933366
669778539
364011
350837594
386385661
358958629
364822019
886241081
319072098
911969423
816762509
492473571
286352904
811676602
589743277
264595051
796335903
986347490
774540723
842728489
995330165
229011483
881240626
275593522
376632166
193624246
198164235
504270383
546733562
823908828
270211923
565464869
31941026
699428867
323516254
946736871
559719846
35140806
829075259
573574771
594020977
163916916
86707525
993470415
682228681
437264031
400139244
556184795
746978769
302319674
144989811
929048361
370441918
871395779
810756379
504810915
730817633
354190254
15365564
694881544
722720023
917771034
627616689
997254914
989091554
976948343
495665105
112498508
500568183
376540019
437312497
138465319
885854116
169103568
313879315
385410034
13598980
577591041
797571055
882540183
942364053
324342245
288282266
707991937
16861894
233968270
689251243
679284583
719699052
984376937
613161955
510363010
311846329
115918647
533136195
898141245
750921320
878785153
771745324
462991737
644946372
176779327
904527702
880419531
783885653
727472973
600782827
175498318
143326628
633173695
178831753
341594014
74618122
700736349
310445050
119532037
256898853
554161844
228503291
921621169
856334197
111627511
858186809
809246820
195020064
437501061
964212291
292334323
598625266
608818710
992122337
70067366
327472832
178689536
593517918
478976806
964323899
688982692
53894562
901664167
718946633
677676972
650370925
589487653
953386325
681269037
898742703
545502018
992746182
266042153
976336125
477683937
442114827
750314937
342031018
813423655
660138360
731373012
279269909
74300684
575094602
248656397
34536850
428745721
621887411
450491138
646666261
29571568
426596890
149834008
988359904
292670772
61748270
51593532
881605554
986259568
860375041
644275939
911102968
335004871
356811436
959284177
755555357
725989118
110245690
184901685
419100608
362835506
161504540
169406759
419378989
691801144
420551460
242368049
478785714
288077200
12061826
530876879
75624148
801149344
572479043
773936691
418468554
118979670
877854137
241491884
192838610
349765
106433223
66716395
893284091
886150846
281292825
167573178
805312584
476919011
878405100
895227270
535358501
518806825
326161899
372369979
297377158
565126745
778898206
468549844
268797620
942559375
299730477
624585497
218323467
794751686
925643597
656482218
240584710
294779300
685103501
531777878
85042744
210630362
53437901
118508244
692612930
984908979
606460142
277993262
285551963
795560743
173748818
602783434
558708442
669129859
69540382
187269510
854171687
101315503
278712068
716668389
384002339
46112436
4846079
408878364
93364234
937212147
299872864
858719611
298373998
192749823
456919239
480565843
57124072
168861420
92376875
758616798
380231301
459894201
510820661
700933875
573930901
528674568
156225430
538854968
758934097
372527741
180789224
220853629
495748159
257046312
842054792
633090774
351799079
473365763
801982346
188654616
43584343
650676946
410200941
34644081
691767502
190666306
645814157
85667845
881197180
822722653
372707918
986536341
285835222
501153724
303300278
122331659
399592489
171171242
703121628
788203208
929653929
101560408
136767955
721118157
300781768
535970575
235317411
10871083
580319807
315943585
981952353
932385000
429053138
2662325
993237985
959084492
536285642
715508734
972617906
750484425
541635385
408531123
133491506
793019137
594692084
46001374
187133311
57627833
541761200
464539795
495493009
665616580
33901733
353495137
205854162
729303196
735728167
607143483
166196813
488699129
586866045
136931834
57144686
249164148
968985493
531785910
659444859
957637693
172087216
416211047
152574982
923024009
460757737
941485066
812553544
598114504
195822331
651527320
197403609
973728850
939202827
649077825
69921468
942054985
37802586
72230658
134198638
126085325
443978987
159541029
395915255
70144168
905423691
619428489
372749130
108544642
432294374
215513864
989144913
254147778
498044771
950493087
175225910
441597180
782434576
847923524
282585127
854797173
428623952
487252125
262342661
623703322
45966903
832862064
224225789
495035165
599792010
572610110
4153845
210524854
680325145
223717632
884082924
851163486
109216108
704105991
206994457
461359255
940748310
113582031
883947627
392250019
7612823
727479114
891094651
683181811
862479977
167291246
723420694
773583276
394954924
643716385
60281841
212381295
670191824
449862376
478545446
703708540
979998763
277377588
480201796
198260035
786557934
578568512
612638520
914902284
752728171
557041367
63094319
892342901
707409954
771822989
292086248
687012499
317955529
388626709
476425357
247723270
914436713
509627480
649708726
311911612
545953637
587333520
243934602
659591691
655076445
405404503
481790188
368199383
110969542
170162959
834613963
956011020
822686649
193071774
378729141
997939527
890863011
493967570
936716476
423265091
65958731
696653743
580973910
622167552
467974992
924199441
299653966
878744363
413430452
305416871
612554435
159217700
273270868
831158834
56216783
938942419
5964124
9859567
706428398
581960163
826331561
207209235
869852003
861953485
322323872
405295593
638715997
22908408
320919718
106840324
122156460
332783322
289718252
111952794
839838128
72296186
5409652
38358684
891243330
2285572
611673528
986586071
263401701
364135627
10117964
142660991
45183065
15828644
421706979
64546089
705329356
519126501
786157298
384604492
439129301
951026987
633922163
892812169
211970707
536987018
474126234
765386306
436168174
460426550
825160676
961152344
564763992
550452199
195778988
953783849
465599516
68516131
718811311
585157299
906068425
271686128
473696154
112030724
91719031
782835867
727652986
210471251
498946537
540577085
54429730
223170729
71403373
171258239
933437402
637326474
241785456
425127012
521386493
406766089
403941086
19760203
930325914
71739761
95857217
507755459
393513478
281862587
428708178
771394478
621607669
118426642
446269380
179038280
197442620
130495116
347985449
359927618
77533697
827675341
729699529
462813493
610833310
528090726
875988310
143316558
507482752
205240608
528495150
720920425
492568485
254680767
591340557
770386424
288129516
740596000
457844061
189313730
971115105
695327798
242904149
843983357
215600687
664895127
827814454
419759562
697752954
730871121
738140473
23160156
108369146
884824024
585256575
521840160
263645124
687239340
323738557
436902266
759303621
755921171
266879756
423990706
670530325
450298175
411081500
349584226
733865476
582397290
264315144
850681733
265038811
418644300
222786738
390767340
383544178
51102710
338361539
698595752
40736473
131501954
291031570
414084552
51569970
222603674
315095901
356534640
148888104
309023881
171091810
804399645
949883019
293703766
643991884
20878594
597751231
719226169
203640031
322523248
677709176
352905482
412965391
407899277
865330399
87203424
172234130
242640675
790964168
436905070
757335857
633672367
835757845
15435868
190393705
240706212
839956330
609197355
635313131
539627672
309498293
564354024
386612773
499201945
492195437
281278070
569870754
342891757
559441188
929277352
234232064
147477129
554138011
485517317
928575120
973230102
398523911
576315594
360926887
213517963
701616325
516535359
973535257
273584770
348488385
625540543
842835837
581919920
170974045
854746696
551085666
435039616
727397284
204285723
335494121
595902575
464557019
243675009
319008396
891938370
54072686
498686303
725838985
551266444
526763875
5340384
133825488
463263404
691245690
430274407
672410097
259635037
888879536
893749930
139737928
992649638
422988204
426142761
649956927
632107987
421206553
643320045
221133491
938991581
161415543
725630285
72527035
831342607
657798128
652306643
429997077
182446983
283178756
591694885
567907321
776801619
456228907
938006531
348621613
707702163
421128538
277775439
346912311
857946119
44656303
731712081
711308824
502896707
993887159
777141648
733479143
721543737
58393713
124651855
255759046
578473799
404574678
311189429
635011886
875213967
285367835
756708527
223507020
485655879
103409595
431736504
420833882
574474972
654625984
392681293
417138066
851580962
508170966
586209496
550408826
52767609
241944327
329774126
806691087
304745594
806830672
693861333
864398576
620662383
37468647
407504922
893160466
421290219
801028954
713034808
986926110
341742408
985800508
590366065
608602867
321140279
486068724
592054389
159960012
212819053
430691309
604450517
556749329
6102934
874061073
840196848
472192667
89751282
229377800
862444728
137602758
106621937
878527318
104410418
48707856
748724103
846149756
43000050
65468896
415658811
883151106
125530962
527915340
807260010
530379293
307555247
648607383
862495784
638103077
278623983
793499148
724407380
993832232
282035219
980108245
934889129
744452209
413419590
847529884
722986150
426718219
847761255
458611779
674763878
349177867
939011161
547332469
940283666
653896253
934732052
59131951
612108588
799390247
899681371
923102174
188314939
367651322
979037932
480075008
407733090
624623247
761883825
520778163
542658622
615268953
57802607
746517501
692177722
378024978
979158426
427606687
224527828
594951847
350157872
215003166
120854983
140755185
684767271
89477228
101608155
476106637
659115347
433045719
739964479
925343177
591034251
360748639
771881692
513401394
193608013
182013250
413652631
344533602
891660491
192213544
572854499
796767768
230363225
256272219
3170336
752813794
39271745
454298754
868928575
640975578
100035230
155338097
362897806
21266360
30418450
890121572
908456473
790155002
542731400
787347950
754473514
515120122
102457123
325049578
285865804
322922383
124441513
524220763
831710728
460657584
301144292
343240235
492040055
401520902
483534770
409636490
218331023
169235052
42206117
351924182
281372588
699566154
805038284
972632698
975058
707607240
657358101
912954029
832103862
46690165
893590720
788257760
723440113
30086485
551434401
801661766
586460809
543972998
879314066
692850784
350823293
929091182
149569398
360059523
125944595
659895674
791923329
854104656
455780670
275019601
282649510
58354840
375910063
825408946
310084596
923605522
939405250
45661651
491842258
894555905
101826839
616850509
518807583
257850625
534790998
482623538
13712311
682368509
487521009
631096803
480412776
322780772
882839298
822620524
721071835
645551094
708423355
619594124
97950582
449280885
37120854
149765793
266623105
838555783
886970051
335525233
512692499
775759366
267714229
112416938
686812223
594697981
5829882
991710707
533158866
764520199
475605426
480838616
674628031
868148408
784822346
418776454
305339300
956768399
495194089
183602501
362421914
663234442
124917224
574105326
964404341
227563536
586189624
991266034
492528043
101468866
653627826
594631941
535647155
868658025
432266815
738916468
926236852
976080919
887172254
662284445
696150571
598394206
628895044
706011026
657590847
643578096
98072914
262571888
364330016
674444171
930892078
352480726
125520844
750130901
33961813
330554802
166629538
887584586
158982322
363043919
934843707
142092665
384822293
938269801
893657398
324011545
399567887
439194350
18636932
474697084
291907343
542478963
184365418
161861928
413877519
704271561
711510530
237852380
654041904
198046802
840539452
99465405
745341752
35679265
127836319
232184529
283828010
796893559
279568649
591909928
136523652
672251724
753714995
205447408
540246333
168182150
100399687
354034279
159072565
129982249
585478359
942686374
616206821
926506642
531101718
242398408
597003486
103590338
489802495
506792035
502424266
444086258
658719384
283017539
507058582
63614452
325180331
254009258
276864998
206108881
643806838
900806051
675770307
805505800
802963087
120245180
475367752
662000656
871386186
690790599
652782731
530972243
311843237
630419124
7418669
322643943
327261492
925814429
11360385
376896449
871389406
656848033
417576115
117248532
964239519
583232267
327680298
98111220
952733626
328687674
861716310
599251004
932547263
769874669
769714495
613472443
159064523
783855987
243432762
158605068
731747725
71981151
884876933
209752820
923101969
467957850
613763691
288856510
171925080
489277183
724734110
751460758
107723121
606127522
388214214
257805201
800176331
571523337
55981435
783595208
476953719
156582422
738121459
186509149
553736114
71312998
673974065
555093671
850967774
333779218
463882747
950943155
825921597
497107726
990717492
307300885
869962258
773305337
804673337
767409120
149731437
260724888
591781404
887179314
961476077
721035818
336841170
689452960
610646229
945446561
824773718
922657205
580125957
246594463
586016563
279060195
384269366
732660979
268551709
685569459
757201117
938512741
371439065
467208761
453975035
130013305
847331413
654377244
847189810
651405498
962534823
866655435
139384800
663196803
5337728
575825077
96397190
257891247
801951865
411780492
737286188
256972771
89363907
2801431
857762849
257696971
596369816
168619835
930985887
329521041
918802982
150976182
281853845
528697103
683780809
60284723
924931633
632455780
729911086
148215955
20705945
307509159
516471380
290680905
343168323
139757945
947738645
141249152
213562229
681111343
617000047
853160564
868751566
91755271
638354934
525864669
544399080
899977783
949084777
29029377
84939316
723454312
717111047
694723966
455865823
203933733
753089958
619182787
246949521
251503556
721293507
742885958
732865885
725959116
938269067
514272810
22401269
52469139
164830858
850353587
931883978
316660783
295196448
225527652
59919212
817467920
330448074
662500411
25911253
461028859
18606674
374805763
906834997
639517281
118644854
362306209
981137505
11815121
809285302
941732764
518449036
432893481
721511013
584848502
357180207
603752397
788794778
446267729
710852858
910669420
200408459
204882891
718478907
928993633
836211224
350319524
170449546
18648632
539621981
937828021
744443105
485182925
840889944
203860311
218317789
89144917
521639801
760675615
379705470
131235202
187274436
14843891
99815775
667294501
85025686
8305133
2854131
665443885
93726582
435588121
25906304
3538644
724078668
285184707
514668643
8074505
297529655
959419500
992399393
288676070
47491557
289293898
975430688
94019227
269416550
177966540
979784596
793832625
464530669
908353681
886543085
722879016
877792740
907371120
770823701
149849565
278932070
978360166
892231457
624425096
810972862
960604294
562692867
133478255
242170937
621000195
981379067
230483704
662417316
676654748
736670044
833546616
200208070
847353619
426624542
225272900
943014519
850315154
869034432
384511555
922200718
603216456
593749689
820006799
171409148
536148731
845322824
990320706
492475064
678744300
790431690
218043611
924073120
314189185
98436178
509131963
920504302
680584682
155403659
530357942
686177955
264903175
522799507
53719998
746982661
193267428
357968155
565042473
296516293
876243734
910409631
578149238
297230915
795326510
174417791
237026370
528644917
155479588
764742215
81060005
290266274
542470672
297957739
880602927
920552852
401490047
696717360
919093787
744118495
908729479
742688572
512609498
946428877
325262181
273034953
555520632
705527529
206994492
578047788
368243446
595789386
505497146
513099306
407386758
705213287
920209469
664642837
189622414
945897216
129857130
315238027
411317030
625178927
744525493
965300609
398678363
186980025
552719087
139574531
382094776
481153895
167996554
104072520
402080455
381753763
965156691
577681134
758997767
372692902
967056340
623755675
329553051
189526664
16465062
792675509
17335869
839966314
481817046
236978413
938623440
639000322
868029262
376753220
633554124
390581878
690475502
130775740
870679
632679921
464583109
997258704
116529358
124912185
433887062
123323344
639072076
161369857
973083406
342091518
564771530
519384759
997560785
601183137
521402950
90572992
574869141
446412602
980052388
734423786
982426555
987432368
385818572
42722418
580537242
266199423
798754982
82953863
785762778
622621279
246826546
373070543
734991960
270464355
902363136
737651849
694027403
180240141
700763183
543060580
349010257
614327458
408169707
201267478
963883658
473693505
354007585
609221050
518393227
105085292
651006046
859554751
4752940
256920012
447169692
233868732
445782120
903270435
358819847
677644657
942675304
314504871
375748230
166819881
216994592
134856150
532184122
897635186
203010487
445640360
275738404
31121639
405959161
486658017
462173031
780500726
731433145
425537719
350372791
210918151
811993500
545191901
25602501
735645044
998190324
286277022
526841763
154286159
337301755
498179385
608713135
565324155
223607954
607294124
106330455
930247851
316602932
414366055
27750558
453840214
730384443
390561157
332487858
260308145
500339818
621563463
739437949
333065084
779001978
512106667
665996881
402592753
523333609
469404940
590554809
465595126
873449792
622548872
560938440
335622065
619163117
400737787
673675527
16939128
480016261
660401581
744138154
24876236
924024791
66964015
453221563
363007954
28804977
402228301
593889067
772275180
390810509
363366166
796092918
405793509
342367999
90758901
304206527
855066705
286485226
706156622
566158354
538708568
667014466
140430518
899156772
291262382
659928217
905631813
307601637
595737800
494826401
166716137
263872883
788715737
520682795
309152389
728327936
933306589
651893550
429488111
776342121
261704331
813055187
759135717
844696909
716223245
862155579
265189266
445052901
194348790
860497386
664860266
122387082
199303794
599678040
478817693
645931132
588191056
140572158
16665127
901384577
984406025
803699179
788129694
271390596
457389137
25611058
858902685
235719097
205129380
530799456
853285051
581024694
209086295
864658787
561910106
37034563
68364004
14779106
92748790
615306922
375375648
39373691
77544425
900952621
981549764
73656408
797541165
932088189
102697560
280170136
581511678
379506613
95436186
125718932
144847027
402702503
55895756
733540656
207211981
334180221
71270326
673451540
29633320
631371531
799916238
52279798
895370804
408141233
143335487
743550616
681712674
578730146
286747741
926610086
718779722
810399384
518404992
652239340
298754261
985336030
243545692
64928646
509662561
756381718
319264507
330017481
723942579
619716749
454817
920164367
516484351
892817687
447591016
564759437
544145338
334048265
468392808
32755613
751965568
894392715
992432411
567705471
667552970
885873537
818567242
285499337
112803751
834740595
382356267
573675227
543339852
395230754
342209650
461234725
15588535
74882842
250589061
895022894
879606063
67190650
684366868
238173521
161040087
244603494
503308033
794405815
757444356
909761863
809925107
686289609
18060928
759055166
719352309
979936775
123648997
849184594
122618697
959028769
131661424
329404400
965817146
973656703
555544107
172729856
579269182
784097746
27491819
53470066
634851410
653277635
969454458
546535218
325236446
840997860
551492296
69363357
385383147
932623109
293397504
961708151
311389290
657622167
400717513
423817249
497685054
887404252
514837525
261739580
886090616
797481593
303200225
463443116
955439903
470664866
653611238
316814495
331007039
85081509
632104959
916308149
81916855
233802195
699332896
743441546
438176409
772154025
371898434
293485764
916958849
254720756
474416654
679563086
307274154
592201831
301533203
26323274
60633702
246153250
208993542
424483992
59904269
565808906
563699912
213823663
967134713
358193034
799796550
166569169
876543665
416583662
23789224
719412887
927719839
99439540
500758599
183210212
367998177
234345377
811761285
3171952
70419872
170585277
11327822
733159454
117562131
651341828
45074130
18000782
379898100
573583087
986005802
877602555
115550154
264411287
255082699
228637954
90139071
437172282
914228082
729852058
447660998
843144283
430858345
267306890
624417057
761463555
296722911
345720568
888449903
616631061
336734389
476128165
604565977
725699687
726950952
242773573
877841028
244994871
23372629
654381569
849492689
769423643
464521358
170481628
701957316
168494023
331246986
441589798
257331542
171983954
765266255
269079255
974693759
275594776
385658725
758445737
390199766
938709965
186740281
102285028
285584714
594592383
972756366
800587337
225821065
683542942
491348621
611539256
992217455
28434550
9194478
80403525
561253088
621515325
682380593
490618852
255379848
827866898
426737014
117515500
977560770
951537721
778267144
779502445
88467269
841564
390435109
543137038
460036298
511726712
260536287
763406241
503294861
972646297
161592575
279377508
19522253
78742685
815124615
580570749
214757246
114853003
324849340
606353219
933228522
772145620
404755286
159750738
31822366
30592578
442880129
219789451
222732343
273843958
897382274
184992865
886253856
559653614
55427571
656309496
761498889
813888088
452030074
250925951
177091967
758197280
94557436
428747029
44028876
685227598
934279971
916016718
662071606
574595331
744653602
771400605
443139799
363239664
745042254
571845366
958058450
837295627
550946335
887042608
600465061
13780174
36389836
809630608
480006667
762218372
150490097
545170104
272213895
822429696
943695979
134846427
59425372
913165215
251321644
504219458
873601307
179379892
451397541
531395308
293887209
381349817
314938158
428736665
974442189
338122695
930952801
762391469
77629893
496924912
884993268
508041797
566406978
813547093
712739298
332356644
829528181
947434828
869221412
636482437
196539623
345400218
959283240
599595609
931675899
864217168
67993063
147436093
116168450
840190193
40694490
890616562
112189913
332383485
774986363
581352919
519521532
425316547
84143086
675867657
90012715
349079403
944155406
168146320
963318446
679911625
624416465
181153267
578982940
888357714
633502249
205336454
196982713
8514681
96718130
118669143
16836457
722443396
271742226
185845684
765401615
462783376
132845497
474872787
791402185
376237861
563599401
206721011
573643098
132697054
362927082
833244485
610058833
45673616
85554719
860417838
687092175
514073529
466298298
16367978
595837773
101078573
919000912
814690939
755731537
821909756
127512046
19220500
351159195
17096946
937181499
19088901
846217872
110706799
396527425
661236469
450576311
387604564
602213654
435425502
241524723
255715037
959465395
440716964
544178005
190259995
970228494
205911808
141000052
938365587
408804990
463499861
60405208
641760227
738728746
634667313
516184309
763620006
936483368
697049615
954002158
787533812
647809760
785114824
385348381
921046401
379603898
796370354
849193922
722776252
672140204
32990170
956514839
268981356
383590830
317664687
590911425
232763176
951877628
837968177
658879244
30301966
901617037
173820309
798899994
901290091
373512732
980305056
807466573
519514007
911839143
146683785
717951566
559786489
957470586
297743414
924858522
472664065
288078284
823796690
124849974
272604401
176549729
622149421
335836924
400110007
186162383
252465659
749096881
84489876
132794189
152764697
280360828
396359695
740455564
630320886
946032001
404755658
987534166
172904132
641404014
188557064
717665491
271399266
923223763
920029000
502208946
366636698
806270664
467825210
933181315
225624086
197481328
427276647
120284355
674020327
897326528
709450757
507596243
978342411
571361049
56501769
775444188
989313913
397563711
526223505
757507643
527613855
19306685
521261569
467210983
498781552
785037937
324403020
128583927
142647366
783232199
898774839
527239485
995319306
431053599
375972987
245618641
791996714
712934437
661126435
236567318
672291313
313805379
788376075
370021905
872029114
932742707
329265421
64166852
84310182
53045750
728634716
107467081
215700619
57193478
491160296
121572661
515188436
818860816
813837792
910651488
600056983
633760212
482011915
524929726
7052707
592631296
665899226
547887609
987002320
961421692
295774033
897057353
19557960
628967401
607011212
693961292
803583848
84250702
806188929
76430124
192453930
26824941
94157800
628483201
760592455
903557339
824016794
887569325
386324751
22774196
870485194
547607337
635192523
118050608
315747632
807952331
546213420
243672720
317535405
899591367
229169174
901043306
97573921
857052809
194823316
500817080
522671543
993861897
726645999
686192597
234469192
580741175
979923922
578905166
381441270
540073386
39276303
274367665
426821528
253954481
595178744
390685623
716496155
911641811
193192780
271816082
666600492
895939623
322661714
128054247
802794920
653787200
207786073
742519763
43196819
679773797
39637233
194047666
665393893
866104041
908052060
139814819
71266306
948117176
760650633
755557847
806803423
890610104
379334350
699276538
371561916
496855975
641721103
638253016
62026782
121626246
380168012
101509085
902837355
755979302
180331939
832181045
831068622
403170969
87692460
573584046
402849324
203484125
705465608
756267416
675719073
135058019
650076235
403072865
422240617
244224106
443623869
787292392
882607242
629087597
688419054
677411251
431059741
532199256
780758889
620858626
3008033
400439601
168103845
627395627
743243966
840466301
643256888
193441670
299805215
996078851
137450845
679008657
668840018
916185442
390353728
548179053
697042929
76385929
116669228
678501482
457203117
852568596
670841156
279300750
674994267
954395933
551824118
981131963
683558515
830296535
832786786
924599629
317246203
723067215
675419838
508009129
467507404
334286883
132175468
906954807
202990874
626329735
271040822
923865900
204421212
370605834
269410391
936579119
862070187
798281384
886765377
968526810
52946190
946440273
610760663
473197275
510276272
708069497
171154567
920233941
972854044
437203502
711709961
816113959
27834048
552140958
329824771
464729762
652560863
799490214
14588073
673565803
238876361
764390723
592897283
470982555
137845820
40418838
984389936
307764320
217953398
819523380
732635463
830548673
215582377
966743635
740019555
876088540
944390219
494103842
754424012
66706366
154949747
444733851
113908840
260521422
826987119
668348190
220334685
374386422
149261542
995521940
703825144
813281785
789916121
43037838
866442941
936444968
131293571
197430779
319667684
988286067
422877846
60715729
613521113
487678090
595639286
815858209
431003208
461050467
228158000
342358989
673985187
568522560
445530127
294145552
753435681
641792324
97406271
326973065
49997101
514705872
720522441
940649542
836838397
853595460
638905124
646472911
407929200
165136455
948220713
854338046
416919783
360817172
46756667
630769985
861611988
954493710
923036102
531157394
662104082
907899874
836414114
106458463
162530251
234876205
917944772
401712079
753671037
88293643
546245068
159764958
209826882
103191363
586792373
514637461
632025437
472396767
660639029
322018128
696081291
955044508
144877369
242784759
346936293
231183030
634242531
771960917
178121209
679631199
643964968
415903868
713700663
172643740
824855690
300373418
874398347
571889383
447304811
68161048
990930051
772156513
582702329
86100473
618873360
208213215
79370861
470584456
964560633
461852840
507789161
154985821
81926914
691685601
698919974
661087067
963823634
673573502
172654207
315230877
673902570
527881717
292902751
135471582
64973911
750017890
33940997
871877838
588264288
358503057
210907911
926182597
17970795
884317727
457087905
575329271
670420346
639870111
79180437
514876246
477138425
37746445
65678105
725732981
762322795
508492298
157402026
402814838
680999363
553130817
651591893
683328000
93281154
685784720
626096063
282619060
493263228
554788682
24738321
36691654
744133613
306628950
809762931
645686333
719452979
874326491
549331625
39460949
143512735
47637260
694394040
583728296
529270361
616798361
767480533
286206071
398997730
233090469
541766690
863272002
308509503
961835047
860340308
311601346
843734804
361396897
82656623
592317856
743127715
972458607
371908077
722459401
875376472
901745450
517686246
286276735
693397681
744665721
163493785
813181328
530662061
828112802
282453537
129022172
627308186
994022600
276753993
27107264
872818679
589623016
636950148
398320781
736759710
320090872
971796520
759548815
544953907
835244937
321423297
624564969
148424632
514514798
944106980
704549022
783543266
913442166
999449366
525232587
208301728
494740493
317125089
238934278
567867557
266304599
351204934
700751354
818315522
805016366
30394913
573719047
629633648
116467228
51930920
114127590
889669714
612678725
250789441
728235269
889589406
309701796
339204181
12018516
325683142
474252339
377578357
643473492
555346766
441899532
654908238
704079351
126646036
115245672
624860741
69641153
449664627
454312372
689326631
714382480
935235386
78871435
62281996
541349396
642966845
481215599
12229566
511608823
83175305
690275885
184303634
284497538
945231269
201071406
31951129
137823780
869344263
703809249
746556590
861690205
742464125
318321629
675756783
934782117
753600280
190483
920548937
117702716
2915863
835991521
57333560
703824625
880650139
103841133
995054229
705927201
952368515
86540757
574947363
546831581
272611074
691965204
817422652
19475139
166465846
784783246
956771795
247018314
171168459
807791045
99822177
780152273
699500792
445644093
492116545
14334759
693319113
129525729
460124740
599635848
750550172
681060630
966022760
533365168
450947862
249204526
184736076
216594151
904192278
757552443
770068677
69575739
587573245
418215671
763468388
758587526
196003326
853903829
231710094
434508385
753296165
816143360
122715790
919683080
52071455
845916906
45370677
639362607
584989747
271037295
818640755
682615125
429909097
56715798
756410445
372556899
36836077
833374401
990597666
91529341
696633342
860188188
793732491
337438691
244943856
705505160
334060703
197342327
473358080
798709169
386841826
196801347
76719646
683679551
391363784
2101671
612060796
892602587
282639573
839186734
403702808
551271620
464449804
959390732
911125972
247902786
768177843
711399562
939229748
409662215
350977877
611149349
227325558
645717001
442695725
258710465
68570478
40432932
844963074
286083419
361205285
260209900
378414242
72881439
549114350
652802910
41380635
231381502
623898635
277370110
937893238
851820702
894844240
485950392
278977417
840975342
173423628
149932490
803659158
172242879
619240991
571421331
55585532
850144092
174478865
206145964
572310199
674475906
16537496
218373936
764729356
273423554
543930188
140809615
514581159
976681697
957754603
943839221
839784229
318434329
192346425
69212271
992985037
854443158
979128521
327388194
535983547
103021511
212557806
761914573
925613266
125838431
966181085
318400828
512127415
274858594
280556262
396020769
118479540
395606092
229517694
480313807
970961433
564022585
797754703
49400934
158757457
79091693
479785973
985775744
36008524
860481943
227116713
90566012
750223003
518412774
432369865
478958095
326302093
252494045
539837350
590308681
311211956
353635354
757681257
597183313
675756199
475263171
665413796
970142524
384157338
911811030
209240870
123617178
20742449
54546378
81681621
871696571
935138395
641280449
735337431
691542015
247261253
83510506
490856114
133464492
190943235
129741123
242629452
513032767
257318411
726946753
161027106
986801367
290943556
344552429
205776878
979391144
642517626
56563505
509107191
559203655
439405560
411745955
758435695
506879457
322058230
859461823
177339991
33015189
497564206
571475012
375090569
656784948
578489381
394823112
771519958
877706025
197688542
3629668
458920099
348565498
964247083
857817793
409726661
154429660
232863045
958012769
885176363
202863238
751979254
805548713
432243955
191555603
834843230
231605960
466903386
810302480
102574849
46125409
168227606
53429359
456957232
722184124
560342272
695607703
418653222
11135024
481533264
557530162
347159735
229386472
314648921
234522073
996167013
633626510
375095243
68704210
551233812
598929441
811197257
138140223
777300629
3202570
899005810
583877155
346260142
823098942
265706657
578347537
173435648
21972306
244242474
175276187
230775383
180569358
691686541
407473577
604330509
343894788
255413887
327541271
71131532
547161937
880635035
524084767
457580387
611135438
56212268
664341059
95876139
856427660
794985643
29687582
587534755
37328213
894909113
855449098
946821586
609664630
689735567
924685650
696402464
395638781
187613674
341008424
516745249
693404637
212604327
975948289
74877912
265200056
561571253
61367834
119927310
552518913
509534033
397626163
96084117
767630736
464573063
511005492
651463222
403928234
901255750
70678519
381336884
210060997
112268839
595314725
720615533
666168595
499108589
140360709
858569061
786854442
680829194
3015302
719612415
770889792
18865555
273405130
357016908
293184367
523437324
378980112
734270759
694954909
803888108
684799120
738045096
479296302
752434922
149651129
951313489
713576607
796821003
661102222
504822703
914413302
591747756
679014835
750021126
171744260
128296031
63425844
730287961
735450630
427842016
255328344
880280601
454463373
407478923
279963710
230931043
491506195
301808133
78922660
867628696
364933091
316126574
379081543
74615966
108788772
968212165
111117062
699409110
318505715
15826666
405249879
492770163
780393303
233049580
582829557
348535653
276044485
752095739
77106832
571755083
342319197
62868295
687080820
900925631
865190827
256636741
253705209
88817965
167261477
30333851
979074409
737866238
387306123
993893502
511999697
795754691
35744990
141183579
356629312
738677667
156590885
381442380
743677096
109985494
762466181
449105899
74479508
412043805
274001395
483427844
913816360
523705125
75960564
24512130
93212421
426248597
305935878
715908663
5953175
994166962
457142239
282696552
769882332
663836721
171311918
495997349
47476501
263583243
155273413
941854506
630121863
762225604
912666897
47586992
852476932
294292048
48788322
271690298
202138446
814628733
888831744
903211217
623055567
423341944
203311422
568726103
969996654
213949786
596437619
41631230
275670463
512706491
288352549
429101418
766037921
63313515
832688674
588150597
317429598
67408316
578985039
723025663
818783910
562208760
544593102
257524999
596224117
61665731
715768636
37569157
779250729
518709369
97994075
466587278
646083111
731918504
800474486
718642893
481956231
63867838
705631754
566885801
11428413
485104798
322699190
272387966
679121993
337465922
797374645
313559407
806007906
870260829
955421975
620482501
177645040
890673150
885928545
794917774
312888994
423209350
185300750
674723978
542477423
428802860
493602938
119334697
634209373
869142383
436576886
459846023
696932394
140567685
685052679
178956046
684541046
798132712
772147646
664979320
389346294
916676986
14408785
360103409
851597133
634440120
787037464
346982703
789402814
484917682
423325764
233074279
488699550
906237144
710390859
487782527
998693176
61334626
902502350
277142681
294008341
608903848
853321372
859134937
370690083
991563299
220565860
729633142
770968576
221396373
631191701
966930591
338394771
212231500
293223072
200663485
557090168
461365059
733739332
166911709
437659943
345088708
352909936
170989195
417021518
542708610
797880689
69319642
17310221
489186404
7138081
300913075
964479862
752287279
895926028
596699659
522295207
329559036
627032646
501737527
997239493
944795450
84785035
329154249
450772518
401675743
722426865
783828714
600302318
353217485
614837596
70073742
390279020
30197548
138412212
389262675
233697814
377675282
908453788
944175777
90849008
35818792
737875917
60981884
594244748
510661493
927970039
457262024
204380040
706117076
762222066
81622850
557648640
523665603
322255031
29682025
220743996
424144118
705443547
760762401
330799277
967957096
936095725
702708715
777718061
75125636
146547729
598664225
12008535
977891688
374260111
335397844
283492248
978687358
204024361
71046088
356396269
312376397
953138349
315954355
856714677
601503829
604721872
302975226
155997603
110333659
760378814
809023638
566469869
643932412
270885156
579286041
610574231
135585576
915990747
331152187
673793564
754790169
147066218
525660329
717421538
660477944
890493253
166489804
47080919
508070617
250838989
780252358
564432523
720250538
129982425
755494533
347127252
146243359
571227344
34480971
661418043
414443172
20281144
974426149
337946369
696217094
271173117
190568213
507498808
852591411
343943054
683768669
858066930
761607322
47410351
86861493
821027561
726628529
723839318
529945195
698340162
298502919
770348681
759257220
907304403
172757658
143291574
580736544
716553653
668915168
270813182
93363979
729110954
62245459
83298327
331855656
413976075
764875677
529928789
723909423
142688552
346212013
492217399
888597080
872295035
492380376
418780850
817403151
2962113
357618331
995625090
612088874
18794847
365142079
997901913
188002734
209791251
263693649
202080604
340812568
703184630
430345380
940828769
514578333
920070749
166924882
44368300
918947845
125271051
445091130
149003918
143842996
520184457
407484453
654872926
267398073
416389881
595481737
862666047
947179738
685251736
228314966
662511708
668409923
869928058
507466423
456566205
607398767
528138237
783316781
550371734
596602217
305205306
80618914
659121454
881099463
797400017
390481576
100663091
626839293
711901029
433678644
842428758
931608292
749874610
720213015
636961006
100118656
60313854
442596626
61331496
582144275
880595867
837562705
224891355
133258956
498868360
679870168
440231992
886921542
151563951
426667184
482067367
184118573
569647706
603401739
704224967
646952118
293114929
913186391
485587097
970807254
186723815
196003092
894639870
850661328
141881152
886414881
163194059
941662008
394660083
712116343
879644088
331720435
81443131
277251506
456252243
543047678
31761816
391721847
693306642
587997647
101274806
171610978
424781483
625635368
849227233
328378417
138256842
105322108
129689163
820692785
437344424
858528280
63488274
975585579
331444155
916426915
694187349
86466233
69735086
832628751
638385338
292552
660940982
505285250
301280156
233224407
50312570
704028918
557653426
715780276
301442717
362800462
927790935
861125926
616106492
657778469
381064127
591542793
570483864
440929461
844006025
908805670
822786755
31241484
654642633
12198907
558966853
855906237
260186055
111236301
774129222
187434231
266667903
241646456
944802818
203481931
625101948
281316405
417597615
141398687
91485287
83135275
557840
300749058
251897209
574657182
237032630
301501779
951144326
699749557
742660497
204940565
623954137
778067020
507655706
676450442
456584186
748228443
752174032
769823938
889244795
755826032
852846181
115161524
201886694
272237098
908282611
222176282
993422654
144472559
825773316
676402602
145452278
209332760
922202992
574385937
109967113
885173774
835184113
924575940
286483350
658217048
676645229
216031968
507262392
462163880
190561760
475906177
403828960
960229340
335083866
97334070
973121741
666846578
70884538
752253354
815333287
434926103
98862077
965706674
552811602
589657205
666073504
25045288
565966376
667509644
232058922
916157131
952865158
532180029
318827945
94005805
257388411
892244862
669065398
106761996
597899177
312382899
721093274
105651980
339097665
102152651
178484176
91609605
453069596
272257189
145871746
390858146
956908969
893019310
823547171
160035525
337443712
816955277
305354548
496983273
267996438
461468914
955893292
834794077
978633010
4001230
349848201
309042592
141886447
198224480
144705239
918731521
486713135
415887273
806059564
396663470
2779925
309166687
731341048
376923992
404876811
860646260
959978640
529192393
833348275
293614244
105332245
206326531
348980741
220250943
44917546
550595764
866148799
945915175
140779588
425817614
397799329
319204757
893180204
569569802
719576510
81305979
216792812
696841562
638467864
284484315
869648524
919729653
509708597
822539361
927057443
126832361
361808573
634557716
592972247
763002132
372274595
86228103
46281066
789933789
539777365
92428700
423086973
613664027
421644812
592036681
320576860
866002039
265214904
463525780
271178892
651163995
331876106
879589490
371454596
548354809
762894680
427391750
356292691
508272395
589952693
779081107
809783442
296023907
338497296
993953743
52605407
951762419
171883189
272683478
183120645
613782571
729778335
931280643
977278557
143540526
1941967
674036320
820806578
839828212
799197853
509894324
641593504
246530182
613694164
438695816
288460483
68219765
839547900
471203165
868909041
992834810
427771104
545241616
189346175
727043617
15951011
366033355
942944818
749661396
55801737
424080669
511716334
978798573
661184045
732201155
129824154
491466920
889910178
830531948
98098554
404621753
942713948
831853131
841804886
847382318
421694164
322496130
349317525
469591753
436724257
112457837
102158275
164228007
180487706
404092411
698757944
256110819
223395240
657628589
208241761
691210899
247983191
634865091
337567276
840815855
783364463
970567005
787055531
153548157
488008209
393155326
780362346
829512557
773307420
705109610
159326469
634550025
504704373
840732621
753721242
191467269
964073370
281244804
749735
514707847
478839168
286851224
588556754
108119824
851148583
519400957
280239657
115410811
830831338
220519798
408691232
675037652
747851976
738875336
425063578
762806313
141707041
106689170
583530037
790049530
190315126
804985258
852514407
974106171
692439030
104191483
40287117
354434154
117551001
308151124
35553974
940663626
386177325
923765342
972574015
634329689
899564703
543728959
395094276
227047178
52076868
69060536
446840237
756452131
30271235
672108394
326602675
544336379
898306332
535074948
503036988
725635220
433207076
855853594
663790508
52964897
373401639
787618130
624003035
535537397
500158308
740765302
83825497
887171862
560211059
195832450
403014618
793903109
777660809
373347820
484470604
814972855
782163938
134546577
170273690
510065445
731235029
989838538
798833117
19081182
928682786
805862423
26270904
667713775
39455408
434492620
463206197
533745927
19032058
689988557
835435914
508060874
284453553
908053192
260740690
306895671
407895644
503242414
804372222
834580795
779010166
851351014
362181833
730159398
425176593
855787885
538397097
895479851
177141669
18215953
43798711
24609273
60896767
944757966
479609308
143501560
478712016
194274250
354041058
947538639
234659270
992326181
373347907
931556909
729128999
619322312
943278522
372806014
322881468
760868098
922475490
770712005
25618539
929895684
344631430
501517360
213241246
936432859
822421152
275601888
802727067
461530848
857694065
544923692
485972223
678156827
108885389
204109438
49414783
781173862
533925247
361404129
18943056
28104276
194295696
346136715
402897357
515921324
223656956
951308841
87484685
423853858
937421570
20290306
925453580
135236587
929173743
976932271
802420667
813263497
847559465
812156224
209813505
91432627
332408735
991697923
280567573
709608726
907950343
985420102
72637943
515911113
796387677
869352260
899662984
920866337
132478152
197925859
725381175
365125318
141642704
267080347
407544262
622516944
491621189
268737005
730568375
667236448
807736348
756774724
407312399
774889062
462817298
931016826
835483287
669689425
489284411
146741748
574954376
142546588
278138097
885817693
597893373
82204296
826356325
46532650
952028146
246218804
778399885
816469580
696097657
96802861
845461350
350179606
251427875
835953330
328746644
872232354
79467054
877037673
829212223
841624723
123107916
445224352
393189025
265718794
303353788
595470663
696627499
957464949
359719770
279474625
139157188
1031289
123950810
303944133
786542649
132606664
535336492
760237025
972685062
470450141
930249685
455233327
624172784
330209693
940314319
402495280
547830067
797205821
530915848
861474326
908919730
525435171
887010217
66869458
218792607
846185335
43865129
147386383
466450396
242458605
152894145
996811084
384373790
855587874
187734681
834187130
178563998
332083708
294399443
205115933
598202719
535897072
7907104
792940000
157664912
392776052
849378828
338677138
20405607
387548718
660032054
795383867
984306414
390356866
517963447
401341811
921164003
211173077
394226540
805540629
257736977
155780239
404978565
269174159
510178730
928441443
96080067
775294662
863705925
309545641
674395420
230082970
883075633
693017128
719928810
139261181
63256844
117286232
81321702
142219193
278180913
285517348
38371738
7544015
848702147
128442517
259614691
678097388
947227884
125670892
73344069
764225598
321069857
297614142
1386347
330913650
377173540
807129118
945827416
724156369
669535909
145427765
130723516
433933331
29821550
792748865
44767888
674903491
650790986
30031236
191866117
847878040
548673779
432650193
41739773
163377152
196106515
234816053
588041044
833368676
61495080
984804147
749915073
573254804
688453449
894524980
342241310
7889930
574832050
349518824
984904361
403264972
135763490
796734004
158084781
140582930
271280747
672087047
803720097
950120316
517122209
54642346
815400777
667446355
536175916
762915875
882410891
256050953
549974934
167982567
849744385
780167679
910884293
433020557
923912960
349001557
633890343
409267099
243949019
868069863
226325062
731257699
541634827
579905838
288085437
696587862
612992978
89620960
686314833
992077365
353697447
793643002
427243774
639923967
227493636
388456551
366603983
366614435
599249943
168986327
937331901
880013542
406282352
211043987
473542535
50323969
480565927
183729580
498518258
180691526
150978248
450845417
899477912
204142745
385081844
625772315
342109286
221635977
630198788
89009037
954078637
764861924
815526167
580447294
585249349
262443800
404912435
593179405
578594434
983590950
926948855
894713225
869690455
890318547
189128895
579808849
556454720
444490366
674302049
629831637
808333135
593228013
421483113
440240071
635102982
877161791
811391370
236220971
640182585
339485056
606594640
915764827
393226827
948840010
134849073
433210823
346525475
519856451
526875691
339657266
780075628
136874956
255885023
62869354
522263796
312434111
126634800
73226711
528295660
73532241
136432039
315043871
10242501
792498882
775969117
166584242
647826182
469877787
196642056
326790832
600695732
737499517
165524901
772974228
197710679
910203475
315409903
846309579
371174470
216739834
981237876
176520990
765396512
79598082
97981247
941497534
496258948
860583298
258560976
857444717
864925642
602620024
133996507
368601695
401528967
304257718
714898494
177149341
781369975
551421148
818483634
784422504
737202102
550827290
244853067
362588469
773393008
337377296
828758343
383879044
297450297
939443655
149771961
715613418
876192428
511879691
274319313
596915626
746125042
510037810
405872930
273192071
635161116
180250479
662284952
112160972
95360795
719741345
767421931
135250848
372363955
64416845
23233780
374913159
60790248
19869317
312600630
419845140
897503435
732816826
873548871
166945423
726248009
890597133
702633520
833363896
396595984
290859955
328866576
667258704
916598478
501236545
940718754
14997420
828711820
612857918
849042991
47328659
583828613
64347203
458459893
77551952
54430525
701909347
782811063
342826299
668006143
103946251
733096454
675953564
213990040
394660477
338969132
278960488
657655040
125351570
371005525
586265036
998939090
181027358
865696875
9823230
843000684
338753623
906747608
983534928
235131750
948587648
565466470
998585983
423671791
424902586
804515666
337479114
466438766
685798404
150110742
333286515
234010991
874062534
155796470
123563031
479512863
140529510
321316842
753783817
796422456
982511035
996183142
28196339
312144657
309743092
129948566
655217433
885842269
743283597
767955231
729547109
723870304
713169929
611148232
920210898
567312601
535900468
334592048
453723049
49901745
137075611
961297675
296090282
791308408
830866795
768775955
195528610
746308490
725260627
853723601
267794549
505289359
646004118
764417280
611673196
180871049
494865408
919796926
37951706
789052836
628842334
92922513
746518145
691390711
979465653
544332692
718219447
848648264
453176738
475892646
97162655
539671935
691276099
44100804
511663071
164819510
274581422
911057061
873120667
504655855
137755250
411796056
472428920
593681022
250785443
871948488
343776442
650657559
292649615
22052228
796734287
398636027
942095140
689413916
981808844
671332366
611730701
426535338
727811679
752710372
550950406
620079209
663266209
799027765
482962204
106663643
406086551
357429811
151634836
636251496
799280576
99445381
842351265
129111951
536684688
770182293
294700075
831309982
664678863
515347795
637224859
904871679
707653349
551161200
177358896
976763634
378956628
388448975
207425765
429289476
487427044
656077626
436632789
893023819
799885640
930565514
750239413
487887374
320844998
811883477
454852930
272754691
67550440
551662982
201706150
678417461
881333678
27858706
663796184
123723796
974248886
705612168
129626057
663337895
647456760
310893606
309261137
486900788
535872466
963691859
684333985
940945150
33880085
156207990
224471902
21131890
819049524
30696993
494010862
564756464
974802472
143430892
758238922
488239505
437789151
276614881
839955189
172090818
964260157
832024445
792860765
476843943
614739462
73255855
707532539
625632595
478848189
611204746
19463264
212423091
755419247
464751741
898843628
617990523
978071506
908474406
82232845
849765679
327217703
851719439
574214901
38780992
660899745
728654075
302132371
347297366
352857298
497787222
529495365
772684825
580295492
715694537
836092272
311268869
818392881
132791314
157807815
569269879
44028739
135472505
420890568
915115087
746612673
837307224
68379617
396817819
806812254
538743179
548480824
786864142
274894866
272281646
33653682
770272786
382902300
848918657
161562243
739813398
908953926
571890605
680177412
974896033
458296930
142123641
276458334
126694331
89259319
8730334
129091492
509580141
97879031
900408793
28244739
619381799
527294310
475631711
650144275
243389031
602304536
873589967
607933395
550823639
890242855
735946027
929525294
969754783
865539689
138086690
867505171
100001649
703367981
251410359
279925068
682553371
858390569
456488275
298004728
56835574
792869605
64499462
932617970
612585654
409910566
56370810
898987663
859504216
241169584
123580018
366121220
822148577
248932932
635319720
286825673
54445051
997647046
636818517
439693908
639056877
16482702
937801700
845893335
503601666
351111043
367583120
920026366
475404210
890967959
530867168
870788599
322792326
316247956
317880173
387576918
991874876
114201582
182409756
20607708
160435191
925317602
540228253
266671666
731461251
970435206
737692776
680376586
771308950
704247338
584929818
210995015
667692309
62516556
745940511
906889496
874387978
961994637
35931733
660046047
130677630
337436889
607513760
296368263
208972116
339782950
490925442
314326898
632413774
381217892
273139681
275242682
914380787
509539363
407548820
293339564
18670184
78742032
343124213
209548167
428917778
232732286
490209613
413372222
948724351
885484236
643357762
267141105
830037996
336281162
732422116
193594796
877232730
238170790
595033887
793587423
371095297
844452917
603462763
644461289
452125556
221452754
792654254
220126406
99548107
119966814
63262403
667677081
619716479
863130473
171047698
492955096
507054226
310461787
37998890
762953331
455077560
321443763
206238497
82693956
821429378
905661952
353638190
756880270
593594744
420733226
121789357
658312069
644886914
505483394
471832716
340972426
177816014
25264499
783182089
459836057
102891272
149870541
558120299
773329532
70951503
577015638
855068497
542361255
646891851
618210316
285549899
675467462
924206588
218529347
800859468
440984428
741623354
501957701
908887848
808704100
391579878
358482112
235452658
699607368
480115575
60049905
488949561
161216864
437015129
129631826
713119808
79638092
501823998
654054436
3003504
327302411
378887043
490088247
968997788
328686235
409811530
268373204
818258684
70695332
890768814
465453850
899318746
717392303
670914457
586375440
988002276
92867611
797446306
961797620
873164305
609605623
410679386
539653353
697791304
466967791
441395452
696597348
229457322
540458077
787050589
582647467
109431931
32589124
688368975
992645395
197448087
632946584
269758298
182250394
220131204
167954329
184735575
550220953
289460795
56185260
32109834
126618689
870195698
561002774
600224448
35011390
614922919
254323203
297839891
642809167
268102605
553002396
95498833
333858256
856203574
376932042
248440867
301532184
77010100
263665778
690128679
614286242
335853046
896293882
378746174
971629747
686265226
422532013
265720470
388693281
258622864
938904771
203595747
930306793
943978703
795455330
893457369
471011451
2433220
128364730
299456994
99405898
521998853
500792906
411202002
780702903
218139953
430982232
944942478
18643446
472542273
952823481
419237901
92031525
855945194
142415463
118887739
895069662
663951930
558055761
63943887
63912769
990117643
182083711
884747964
652366276
416888343
64098962
377235079
183746940
600101158
417984823
950238815
303852442
460257074
260012637
119839654
931978494
350313111
410457871
987883472
131216102
425083206
419321084
79413949
862049400
96580669
677965154
640143769
906713816
747487351
773581071
815412307
542011707
54584708
711515959
389718472
467056099
737842465
810430522
55379631
278520534
537389739
255857955
317534200
492879059
816479863
579635880
878240980
794682481
652835590
869680222
191604821
819315163
316793688
88486031
969210409
504398479
762004834
104047603
958648794
757933766
818422966
882668922
232359363
221795514
88802716
672631089
731994303
840176448
931313639
88187744
909855576
876083433
912667432
927798150
47073326
3128426
691796016
270052166
614445304
610143233
68395422
919392693
445846579
392344488
129300635
585572533
364405066
96821072
433658827
300680566
555723470
35207946
640423485
841455885
924851383
250456769
883663835
953435303
60364220
772441474
460010771
906084497
949937744
506435630
623842923
762804081
709565161
432071540
966956511
648393900
299360719
181285571
698450827
472011330
941131910
529526926
39519666
682617607
11290722
82189373
79380916
763508410
898903287
259323249
101977779
273484388
570489447
209388568
817606641
758786875
537593826
164063684
782560840
102755767
704311476
685839567
262867787
120518305
798552093
691417078
800169898
466292069
451216447
864530239
716034393
823839070
220171443
926366667
564378850
441887248
431766272
856003274
452555954
419330944
75460180
431532417
333979150
477595688
245229326
345062326
332888793
829979392
815783514
864141729
227126257
841100249
540895211
32538225
280095138
871945954
181169735
432732733
217261132
699759181
351796112
396208435
674342715
203673928
939346527
167224609
225555410
790356305
277216937
85838560
991317012
30029020
120924275
366460182
748254581
859429183
972887065
40462695
408411192
534946980
636961394
178902756
694446572
706733139
942860278
633637710
453533799
8812466
64037674
877346748
422949384
768403899
917316870
287838293
529652309
227287390
698307786
552388906
542890122
430517452
740313042
938367308
541221993
161948076
135832395
129850927
337455212
15022229
31646440
297294047
425990935
493769913
83231394
531089918
839060881
150195388
762943383
896119915
884273490
508333161
757573714
350378981
249894274
838907088
819629716
973521231
375157757
632590181
517426812
736945773
10976442
501399304
358346907
446692079
18205340
394771428
564661808
571409161
295129794
385817264
781646708
936760587
359153908
247878697
927739536
811170024
72303202
309869654
852516422
395249983
947263879
966883466
642623623
937461605
279168735
950905486
250390906
827960255
290706795
313109521
281641810
695782630
136213523
780834322
584835699
771875549
308682845
620380341
776479498
996251747
968514527
704441046
361490350
81033838
130062002
833426337
960528877
217329249
793112873
5367564
95571157
183540344
123755679
321110539
223054291
155000764
927125832
303582630
79316838
317999321
679210815
239712470
718760302
543067103
105790286
727347813
738218294
518141347
431652357
123991475
248842933
878356574
61852735
5941817
577093555
571591187
290027328
479052272
756259553
498271053
462489416
627657780
952952799
499747596
349507349
709358674
298267190
355568584
107920250
522030479
405679065
916479286
476857350
325149715
90386084
761955602
36571525
817589064
62410379
686798635
833680879
909031456
694745318
286635478
227005286
860257451
610831704
168353839
695719228
721303257
481588601
243735912
116632474
466177158
66214164
627312535
306879592
742256920
966203537
801541854
225342131
278198895
723247548
831074123
105469682
182794840
42486076
470348966
557543733
577284598
522713966
791508618
216646718
730388341
428826585
674089759
679276683
878354258
589408068
430224102
450136556
976363462
808249974
340610312
178393255
970267613
720193028
874011838
614305331
31487942
296708753
985657820
598453990
960634285
606314232
4685107
53393471
329794032
851742650
379946232
4865844
271719336
163780817
445782348
852791710
471419536
837171920
204602775
43601525
849662154
787900908
608320299
849469491
426018156
750696229
334905958
975400842
345240076
910767045
749677885
746008052
762031315
690767668
60882884
86997785
191266731
943550428
408197123
84067068
685347279
486251555
879690069
778261886
798757265
289572845
549706700
706691678
27595929
658686530
973293326
152680811
71852627
348941522
777842745
352631681
307054253
64950784
512312602
466677402
355859977
726842243
372800961
238356898
204047268
811147036
924083830
191802646
558113371
468473681
162659341
417778479
762922344
38431810
864539346
527681337
476057577
533046615
649687006
87212562
455754620
106091507
966881480
960380516
610060388
64058191
239587024
964201959
610666421
28166880
913076602
441484700
339164970
82682024
420493892
750697619
716317858
159189185
980255091
300388425
889231587
658946599
254744663
831825961
860930904
612542808
281113308
544201007
55881815
500014509
702469871
463577828
735956585
363379035
640271992
313853392
71235970
730674814
434251529
750252467
851680497
813167344
515014102
307202046
374377205
274778502
10669749
581858065
182423871
639027751
122027606
462144258
273701313
547427907
121129152
559945438
193679787
598857499
769906567
812156826
365248027
873338456
369375702
194733466
986249504
642776160
120821427
693756714
791907894
508206354
552379796
776715737
270512610
905824145
482094143
769697692
911670150
37708659
295776441
756993644
892399525
235363680
178863653
687767471
398542955
533933041
984147950
245409106
475227393
448522397
651260556
137885651
688866713
975134885
611388070
580597955
955572621
76447632
577970527
846963490
582273403
14599396
175467888
161312053
824198406
564434379
293616491
264976737
970640722
300940011
785301691
965093955
942698122
457372482
617416184
725181142
326865769
384544791
557961176
434530488
910924345
880518646
211348476
329592905
706703285
423213805
211141420
922605806
315928442
449932511
444396454
574666201
45943848
554691747
606122525
968277916
418614045
664050335
751662808
917634708
94305279
907782857
573080855
736613851
859090697
11493872
710939457
334660516
865047641
261932336
377521476
130633376
981204238
138046914
98951143
176487046
970244967
680646004
200778989
894237320
943454501
53388405
548760577
270055030
625691089
652832900
304986779
424979499
404603789
650757127
527028248
430456852
597159742
220886603
43852785
778407720
220139489
99979056
685925009
450503475
232473739
606322781
595525521
164068391
370159533
45881121
309786267
528732217
22373480
161658794
546924598
415004555
260183061
399210310
181304004
977076408
339946666
104882795
149438729
983872562
281529141
199445173
665821632
710215167
506537851
10125462
269501109
205195911
308656452
412960159
668004471
912406324
827845957
953343770
431466024
570455757
29116506
297015203
582545300
81530410
903893798
650287339
534901946
484881845
821015919
407633407
903068217
312162153
416041782
962834288
410863750
702099990
819542276
968153492
646444785
740382583
292196148
539619662
800446330
568595970
452847177
324537175
866274788
520426555
835956813
220917395
4794483
663293545
448064431
954591473
485683058
502960094
405390060
233089579
731788592
557440756
759646466
647074389
561902605
427955030
794703926
907793726
689826020
376613200
100039095
123858982
255799501
664881375
271572997
618605237
940100631
982724698
781931759
204127180
983101792
796620488
549424268
438019212
85628872
542481649
404198101
352794481
189010733
534158169
344297124
388321021
