5
100 10
4 335
9 501
3 37
7 164
7 274
4 199
1 95
7 336
6 473
4 13
5 377
3 643
4 493
6 513
7 237
8 393
10 878
4 2
7 754
9 984
6 750
10 267
9 707
1 428
8 534
6 667
5 841
10 499
5 943
4 708
2 315
5 697
7 442
7 152
6 276
7 101
8 927
9 742
4 68
9 808
2 728
2 561
4 525
4 220
1 854
10 920
3 342
4 697
4 898
9 454
6 842
4 89
10 724
6 562
8 633
1 676
10 238
7 583
1 573
10 572
8 169
6 460
3 941
2 818
6 78
7 812
9 804
3 158
8 678
1 86
9 795
2 289
10 161
6 517
3 929
4 613
9 881
6 665
5 265
3 395
5 223
6 314
1 795
4 763
2 579
5 755
4 816
6 630
1 871
9 20
8 690
4 518
5 821
1 429
7 593
7 604
9 259
1 793
4 846
4 896
100 10
8 541
5 760
5 194
7 835
10 18
10 946
4 111
5 39
4 708
6 274
9 973
9 637
8 516
5 768
7 597
4 389
5 611
5 869
5 480
5 401
5 617
10 49
10 72
2 673
6 385
5 839
2 69
10 503
6 298
4 951
4 744
9 611
2 869
9 50
6 331
6 479
5 421
3 377
2 765
1 915
2 337
6 620
5 353
8 305
5 859
3 670
7 640
4 657
5 812
1 319
4 705
4 181
3 676
3 328
1 535
8 589
5 462
8 810
8 522
7 235
2 897
2 198
3 963
10 751
1 759
4 165
3 476
8 219
7 584
2 696
2 277
4 943
5 551
10 952
3 703
2 101
5 611
3 590
3 171
7 101
2 494
7 883
7 51
6 41
1 385
10 752
3 639
2 546
10 508
8 966
5 544
4 472
4 801
1 142
9 248
8 284
10 529
4 313
8 846
5 312
100 10
8 717
7 496
6 965
4 773
9 349
2 228
7 334
1 899
6 916
9 614
8 736
9 331
9 1
8 80
5 6
2 47
6 462
6 809
6 440
10 216
6 339
3 371
9 183
5 398
8 90
3 655
8 605
4 810
5 557
6 990
4 130
7 214
9 666
3 401
9 439
9 787
4 877
6 994
7 933
9 369
10 141
1 624
5 126
2 450
8 557
8 341
2 978
8 590
9 908
5 675
3 962
7 502
8 691
5 425
2 488
6 109
10 845
2 385
2 155
8 745
3 169
4 732
5 830
5 862
10 321
9 468
8 714
10 826
8 214
10 768
3 494
10 241
5 80
3 523
10 373
10 657
2 273
8 572
5 135
7 814
6 947
1 989
10 77
8 182
4 596
10 832
4 705
7 541
2 592
2 388
6 931
9 769
9 30
1 596
4 524
9 366
4 360
1 719
9 357
3 563
100 10
5 535
6 808
5 640
2 417
1 868
8 558
7 429
1 722
7 55
10 36
2 301
1 518
8 643
4 897
8 545
9 495
2 31
2 160
9 995
2 878
8 428
7 816
10 619
2 611
7 373
7 620
9 50
6 751
9 553
5 267
6 338
9 420
3 794
4 760
5 899
3 2
4 841
5 83
2 814
6 715
5 230
7 644
8 524
5 112
10 292
10 174
9 862
2 473
10 122
1 513
7 518
9 616
10 138
9 877
7 764
7 517
10 836
6 821
9 602
6 961
7 482
9 745
5 943
10 414
10 486
2 673
5 6
6 621
10 815
2 808
2 615
5 134
10 710
2 966
5 548
7 907
8 598
8 252
9 741
1 996
8 502
1 850
4 347
6 931
10 400
1 443
7 607
5 296
9 140
3 535
4 42
4 300
8 885
2 175
1 838
10 690
2 930
6 36
5 235
3 936
100 10
9 629
9 463
8 26
5 450
1 151
1 665
10 165
4 838
3 545
4 267
2 356
3 248
8 883
2 365
8 808
9 327
8 263
9 554
8 602
1 68
4 670
4 306
9 140
2 401
9 929
3 782
9 102
1 582
1 328
2 567
4 425
1 469
5 181
10 342
8 62
2 766
6 201
5 948
7 431
2 107
10 645
9 922
4 540
7 821
8 809
10 961
1 294
2 764
7 775
8 882
10 38
5 545
4 248
6 158
4 406
5 454
6 197
2 727
9 742
3 507
7 159
2 276
3 479
6 138
4 910
8 367
9 675
10 628
6 364
4 129
5 282
8 993
9 762
9 75
3 149
3 354
2 80
5 422
1 477
4 386
8 617
10 603
9 636
2 167
1 380
7 668
2 450
3 596
10 267
10 104
4 368
10 522
2 806
4 537
6 799
8 545
2 952
10 536
4 793
3 947
