5
100 50
9 654
17 923
16 495
14 500
17 453
9 69
26 93
47 538
47 422
31 694
35 156
14 799
35 353
47 847
38 847
14 109
40 678
11 138
41 92
8 413
21 609
2 967
17 295
32 64
24 56
14 672
7 951
21 294
15 733
26 333
22 590
43 2
6 794
49 791
15 804
22 84
31 790
47 72
25 315
21 908
44 84
37 817
13 548
28 436
26 980
35 89
48 8
16 957
49 263
43 843
7 407
4 384
36 110
48 104
29 170
40 758
49 787
5 559
4 844
6 864
28 477
36 892
43 35
39 607
27 615
4 693
24 659
49 12
47 648
4 853
10 779
38 103
18 419
48 556
10 389
41 299
21 480
34 652
47 434
31 527
36 57
35 765
20 330
50 685
32 469
20 713
23 638
30 654
7 230
46 704
45 169
38 43
37 582
30 499
34 714
25 21
26 757
22 836
17 139
49 965
100 50
17 524
4 315
22 316
12 283
41 324
8 257
12 39
33 786
18 926
48 488
1 101
33 145
27 203
7 80
28 542
46 691
41 165
38 699
29 732
50 295
12 187
45 201
47 31
32 143
34 464
31 579
44 849
12 380
33 132
34 659
28 707
8 735
11 400
5 257
12 366
27 81
46 837
7 863
9 978
10 746
50 852
7 789
22 625
40 173
39 679
46 28
13 571
7 97
13 301
21 510
14 42
41 193
49 137
33 147
10 367
8 612
32 107
28 589
40 842
25 972
2 772
18 804
35 965
33 338
24 677
46 73
50 16
19 519
17 591
35 534
10 542
10 340
31 148
16 603
4 158
31 954
10 91
30 602
50 65
14 81
48 583
6 762
48 201
38 36
32 176
47 71
1 607
8 514
32 895
5 367
38 235
44 341
33 885
27 533
50 368
20 886
9 739
9 674
11 588
41 182
100 50
11 643
22 734
25 579
33 550
27 852
5 114
19 524
34 239
30 985
12 664
35 16
13 874
27 66
49 80
27 529
11 991
2 56
35 187
20 8
24 833
10 956
27 147
14 206
14 79
44 415
23 184
31 123
46 987
48 666
47 436
38 321
41 959
46 447
42 335
37 208
17 26
16 854
17 666
23 227
4 190
23 903
12 423
33 296
23 251
28 901
8 758
3 659
50 124
3 824
37 120
22 443
15 825
50 546
49 47
30 873
45 826
23 570
27 52
18 880
21 58
22 843
46 150
33 687
46 176
21 980
11 608
26 663
36 782
38 512
24 99
36 227
19 373
41 327
1 39
50 537
29 830
40 170
47 309
43 197
45 50
10 218
11 887
34 566
18 698
24 353
33 493
36 894
26 286
10 678
11 752
46 125
29 305
40 796
30 354
41 197
50 66
20 811
25 931
6 999
44 611
100 50
18 724
40 37
10 228
7 518
4 528
3 8
36 956
9 370
17 920
21 189
5 496
20 49
3 437
47 198
12 851
19 428
27 849
34 667
12 555
21 475
1 123
10 270
14 100
16 921
36 174
41 511
31 229
7 405
22 722
16 463
32 704
11 274
44 16
19 792
13 910
17 775
44 225
23 98
23 503
38 990
47 958
7 71
2 348
35 672
17 457
31 278
17 768
6 886
18 874
25 43
23 882
21 777
10 793
40 828
46 148
29 594
40 593
19 349
41 950
9 50
13 970
48 452
46 690
9 73
1 277
35 868
39 393
47 770
1 508
45 789
1 19
15 124
8 942
1 905
10 778
4 41
50 830
37 928
34 774
29 474
9 443
32 67
46 609
9 96
13 360
30 788
10 396
42 908
40 437
8 963
28 776
14 487
2 636
41 154
19 181
49 306
9 4
5 201
29 661
18 821
100 50
43 703
38 609
32 272
44 859
14 583
3 484
43 552
11 427
23 564
29 122
49 518
36 151
11 902
14 181
9 210
45 664
22 576
28 645
28 534
12 911
49 763
24 19
29 682
30 901
47 366
23 97
15 929
37 195
40 667
19 647
43 722
16 722
30 236
12 830
6 798
38 794
13 529
29 400
48 471
22 358
8 162
49 837
21 662
7 669
43 898
24 463
38 563
22 969
27 41
7 134
40 337
11 636
6 521
13 364
14 598
25 389
21 401
2 97
10 574
4 454
28 236
8 606
50 752
4 327
16 297
30 36
45 485
20 979
21 683
22 413
47 71
47 122
4 442
19 338
50 423
49 84
15 871
40 795
37 494
35 99
40 188
27 905
50 476
25 209
5 488
12 29
6 315
19 453
21 861
34 633
27 499
28 697
23 429
32 950
10 351
48 206
49 824
34 267
1 757
18 269
