5
100 1000000000
91300243 938
994470891 582
808017403 998
549584084 288
629272374 166
340637201 533
363817289 649
643169465 16
103880059 413
635630437 646
397436629 608
116675249 577
386102953 175
22548415 224
711179528 874
877264563 877
433332554 478
872757048 693
648747146 586
102531321 316
477572136 170
974161449 678
526380613 159
480682492 943
767903818 141
48239403 196
535724385 412
830452852 416
811888378 280
633960728 824
753530184 585
851305820 71
353756098 620
611781896 707
60789666 192
301344747 294
3928169 745
668287061 438
86390361 128
985331099 917
366624505 545
360010390 625
130638741 963
34002980 61
458086844 308
503645606 447
623936448 579
597387137 368
929548089 4
634643357 815
177494915 576
812618217 574
399970875 738
436752596 499
803349957 506
149376470 993
727235529 446
129146853 764
228625842 996
860902912 777
351081774 898
230436264 323
388666545 423
494847330 383
934767601 958
384594742 649
792900203 674
861676851 317
247449053 141
536435689 479
483178186 815
19629805 323
434410233 534
491478872 726
504132086 584
306053704 570
330867088 298
248764254 118
303410265 869
81946943 332
841801770 35
567202836 794
602553500 742
68025353 129
500580239 762
750867409 841
921119655 454
587813664 411
718709450 655
165646640 829
186631331 565
786496317 682
450241314 237
586257161 984
911204602 653
768619865 232
966948898 458
944782965 473
369908821 389
453133996 749
100 1000000000
722079122 898
709897934 698
17611932 776
784858288 426
737597818 860
797553068 507
977995256 45
446424350 80
166400037 785
471593192 783
691749075 31
376268270 729
72143387 499
324259995 926
438015958 902
675408219 126
566570532 251
94264095 376
52314601 155
35625436 855
563886411 194
915839243 679
215742006 920
813516331 181
160739544 248
627806523 925
333175333 252
874615104 713
200508500 703
763175109 473
850726751 337
638453334 589
314597767 167
354776324 861
243180495 713
973300452 490
242578044 83
91329936 802
505983387 484
837600932 807
554550139 409
445975618 177
332541743 779
756692879 560
703209741 221
5269811 402
473901361 967
766714333 467
97219579 614
106412221 112
987346060 841
970015240 827
768765774 229
77516152 915
329877609 283
592178377 640
149429326 133
477979709 907
21456432 876
970628377 588
714650246 533
782008870 130
682448267 935
406757937 879
495408574 214
863453835 681
384051298 940
909986185 635
398775295 451
305638149 625
947442911 564
924727515 176
183201682 2
543909741 563
326859115 472
980082208 199
509555456 991
164698589 408
351369389 57
249642897 658
853520146 817
93424813 313
110653841 152
396550054 217
39635153 410
49268854 175
894937406 303
696328473 677
449208710 970
666522641 178
871959325 229
915685603 496
322843834 684
279087768 716
797097176 133
482423869 442
409879606 494
441239907 863
815387735 503
784117919 853
100 1000000000
653609987 324
394852363 842
412329924 484
87294404 65
938636906 589
78617194 47
657184136 125
570089891 959
541905396 882
43450519 55
488635467 492
738697845 745
194160490 38
443873005 987
349215990 512
875110581 255
708541909 343
371023365 716
990387891 548
547852058 787
773913215 177
240954038 746
146053355 480
138910 101
947081967 715
342960667 104
730080582 508
166642298 686
138389743 375
585181580 389
768105901 771
483101222 464
157255304 198
459372194 315
320299082 598
273098589 531
130937347 88
915908919 932
744550790 332
6411798 736
697850345 615
517996387 383
220512777 287
629339787 785
839645956 179
188937599 78
289496253 873
153851700 647
642638939 262
528832036 978
728673994 170
698427596 513
798563128 281
575876140 595
259407257 451
370519114 146
454304548 356
193839279 636
571711188 469
172337384 475
686127593 321
235036934 437
159892580 817
264162847 780
157982606 897
691119307 326
107585649 688
579483559 974
949581405 380
744775637 545
956862309 868
310544762 571
972855520 700
652374591 384
874070504 756
414384593 963
874148318 473
187140194 58
706850532 27
476563237 119
425903201 93
925090517 553
945531777 553
18776623 9
30432691 897
548668019 62
169184041 215
311289319 825
726650715 718
808520788 169
97711492 214
4448647 833
314553123 68
973688273 269
525639292 823
729086600 25
513492245 469
938207876 466
986608185 268
18967202 506
100 1000000000
637631352 457
256712773 688
790609701 996
846059472 38
723938519 882
686483757 465
489072616 10
578286153 925
424655353 361
180419477 455
251320684 598
195542151 872
242874345 558
934614039 825
186155738 689
899964226 337
123055086 83
940856203 233
257779609 964
738100085 457
546084755 721
625763594 528
978045781 296
645105751 655
750229663 984
482120685 214
866535925 207
744103266 207
540007197 674
491660750 438
290986914 264
418043471 335
963900244 855
997207685 328
975768774 526
984812310 578
881513935 289
232864299 404
868028938 145
943661041 208
726703957 601
679376154 604
382587478 946
638761817 651
650307825 95
418980841 658
519647443 42
87429639 459
148319211 950
141365107 357
753775339 602
620248308 537
630003147 540
491784401 711
513928263 36
519326552 871
601257564 485
30283610 913
922167503 55
786415277 158
938188198 120
99309225 924
366813868 950
288870572 597
961466353 510
114798230 288
945841736 953
250387277 775
819575240 74
576527675 152
326760012 545
505319115 365
119585267 754
968134895 187
120535456 951
769439645 118
566973819 306
542487117 164
614673774 604
92281981 358
334984104 737
948915245 354
547274014 697
354315364 475
947014149 361
660601257 895
252201561 816
4841610 896
437451354 98
17041432 956
489038090 993
222937705 645
808539824 79
316836629 850
716713815 996
304450490 196
673719119 318
467476089 2
838819243 828
684821622 333
100 1000000000
824849090 587
445103195 845
564578991 258
516465877 946
617040337 405
49841430 491
505369419 245
156254034 315
208610181 701
127709506 31
904616105 455
571582628 505
929823015 478
240628664 48
324922929 410
20313540 350
351517248 7
833540498 528
590677389 381
462563309 482
44979865 409
239876647 913
172022949 411
216631446 398
146171963 103
33284883 98
626273187 228
928070521 868
935050094 855
137030188 917
791871728 969
238813327 13
723224253 285
334274445 882
449501491 163
78980113 304
337250544 240
907327885 748
877861720 452
504257143 584
688744208 674
139722440 635
338135174 947
397978235 270
418505830 979
403525652 151
55637542 803
626669334 346
984454779 902
945952908 155
639280610 708
817825665 421
857243928 305
126316424 118
40036258 639
906715444 952
817041990 696
930551969 178
513577360 341
964417002 445
395296847 34
920795568 48
401465877 143
746456986 109
899676602 488
503603407 121
768810457 758
182920829 880
472435537 229
457647702 574
835393477 940
484386574 327
329066013 575
267337950 952
869413635 552
420809732 435
79725415 66
404157761 95
565816060 909
255790681 6
258591928 925
561052823 750
899198808 851
613448006 657
580418009 634
853892665 92
134349312 451
324037700 99
237104339 586
89351616 348
204939038 382
95006987 224
491466224 757
289819910 533
400120603 197
310932373 438
168450999 157
226032674 313
479177375 842
727958555 624
