1000
2 4 6
14 17 0
9 11 18
9 15 12
11 7 14
19 19 17
9 13 10
19 9 5
17 10 3
7 15 15
11 19 20
11 4 10
19 12 9
3 9 6
2 1 9
7 8 7
1 6 15
6 3 19
6 4 19
20 3 16
6 5 2
4 2 12
3 7 4
15 11 11
7 11 5
13 7 0
2 11 14
13 16 6
15 19 10
2 3 19
13 13 2
3 4 6
15 14 16
3 9 19
9 12 11
11 20 18
4 18 20
18 4 9
5 4 10
11 20 7
10 9 10
5 13 20
11 2 16
11 13 5
11 2 10
19 7 13
19 6 19
13 7 2
18 10 19
9 1 5
20 20 10
20 12 0
5 5 11
13 5 19
14 18 4
7 6 2
3 4 14
8 8 13
12 1 20
12 10 6
12 14 10
16 9 18
19 15 17
5 3 9
4 9 4
15 4 8
5 16 10
13 16 1
16 20 6
0 7 20
2 0 15
12 18 11
3 16 6
16 17 7
20 14 20
9 3 8
3 19 11
14 20 7
2 8 11
8 1 1
0 7 8
2 20 19
6 5 11
1 5 20
7 7 6
19 5 17
12 16 19
0 2 8
9 10 11
14 0 12
18 5 16
3 12 0
4 2 16
19 0 10
5 0 12
5 0 9
17 10 18
2 8 7
5 19 2
19 19 13
12 18 5
14 12 6
7 10 19
14 15 20
19 12 20
0 15 7
4 9 12
1 7 10
16 12 13
12 19 18
15 15 18
9 15 20
6 16 8
7 6 9
13 1 7
20 20 3
0 7 19
17 4 7
19 3 2
13 13 15
12 1 13
12 11 2
5 5 9
20 13 20
1 16 18
10 13 13
1 9 6
1 14 17
11 3 2
9 6 6
1 5 1
7 7 16
15 18 16
4 7 0
20 17 0
3 4 7
4 6 2
20 2 19
17 8 18
14 4 19
11 20 16
15 9 3
5 5 9
8 17 5
0 19 9
18 16 19
15 3 17
15 11 3
11 6 19
10 14 15
2 5 10
17 2 6
14 10 12
4 9 3
1 4 12
9 16 15
5 7 14
2 16 11
10 14 11
2 3 17
7 11 19
15 3 0
7 12 20
10 9 8
15 19 5
4 12 18
7 13 0
10 2 4
5 11 19
7 13 20
8 14 5
0 15 18
5 9 18
19 15 1
14 10 1
20 19 4
1 9 5
17 19 0
10 15 8
13 0 9
19 20 10
20 8 0
16 5 5
18 5 8
1 3 16
16 6 3
11 4 18
13 7 10
5 19 20
2 16 8
12 5 13
2 17 9
2 11 9
14 12 7
2 2 5
0 5 18
2 13 7
3 13 5
18 13 5
18 11 20
0 20 20
13 18 13
8 19 19
4 20 9
12 1 11
9 15 1
13 12 17
16 12 19
13 7 6
4 9 18
0 1 11
6 7 0
11 4 19
3 10 19
20 13 13
13 10 19
13 3 20
6 13 14
9 10 13
4 11 16
15 17 14
13 4 12
12 2 5
4 13 5
16 5 9
8 15 6
0 17 19
6 2 11
13 8 15
1 19 20
9 18 2
12 4 0
20 19 7
7 10 10
11 0 8
7 15 14
5 16 5
4 4 17
9 10 16
17 17 8
12 11 3
10 5 15
18 13 4
15 0 20
2 13 7
1 16 7
4 2 14
4 14 12
9 1 5
9 20 10
11 0 11
5 9 20
11 18 12
14 18 17
9 8 2
7 9 11
2 20 9
12 18 9
7 14 13
1 7 14
16 3 1
10 8 18
3 7 17
16 5 15
11 18 14
13 8 18
20 13 14
14 20 19
17 20 5
11 15 13
1 8 16
9 19 15
4 3 16
17 7 6
8 15 4
9 2 1
13 4 10
9 1 5
19 2 6
8 0 2
4 8 10
18 20 20
7 16 9
15 10 19
3 16 20
14 5 9
6 11 0
3 3 10
14 17 4
13 17 12
5 16 16
7 2 6
5 5 15
12 5 19
16 10 20
14 19 10
16 11 20
18 9 6
11 3 0
2 5 12
6 6 16
14 20 7
15 8 20
0 8 7
19 18 5
7 14 19
15 8 7
5 2 0
5 1 18
0 13 19
15 12 20
20 1 2
0 0 0
5 15 13
1 20 19
10 12 14
13 7 13
20 13 16
20 8 18
5 20 10
7 7 14
8 14 12
8 0 20
18 0 17
9 2 13
15 5 11
15 0 6
3 11 13
2 9 20
16 10 20
19 1 2
5 13 17
6 1 1
8 4 13
4 14 16
14 20 11
0 6 15
19 10 2
1 0 14
7 1 20
9 7 1
7 15 9
11 3 11
3 4 14
14 19 2
15 4 9
19 19 8
11 14 5
9 2 14
13 13 7
15 12 3
17 19 4
13 8 0
16 1 6
20 9 1
14 3 13
17 19 7
20 5 7
10 11 14
6 9 5
16 16 7
9 18 11
4 17 6
8 19 5
19 10 20
7 17 18
3 20 1
0 20 19
8 20 2
14 9 20
2 1 19
18 11 20
2 5 10
16 5 16
4 8 5
17 0 17
6 18 10
0 17 3
17 8 19
20 15 12
14 15 10
17 18 20
9 1 10
15 11 1
16 6 2
6 1 9
8 17 20
14 9 7
14 12 7
10 15 10
9 7 0
12 19 10
17 1 20
0 9 15
7 5 13
17 7 0
2 20 14
17 14 8
7 9 11
19 6 4
8 18 16
20 20 9
2 17 7
10 0 3
17 12 7
12 8 0
12 12 8
14 12 18
12 8 20
17 9 2
14 17 7
5 2 18
18 13 3
17 13 19
0 6 13
7 2 9
10 5 17
18 20 17
18 5 20
10 2 7
15 12 1
15 16 7
2 0 17
20 3 0
0 7 16
15 9 12
11 0 12
13 18 16
15 12 7
17 0 14
11 12 2
19 19 18
2 20 11
16 20 18
9 11 10
20 1 12
2 12 12
6 7 15
4 9 12
13 14 20
0 11 16
14 2 2
0 14 18
1 7 3
16 17 6
9 10 7
5 9 14
20 12 14
3 16 18
16 7 16
13 19 9
20 5 14
2 8 18
20 11 3
1 15 9
5 9 18
1 18 14
4 2 4
0 6 13
17 9 2
14 17 13
16 9 2
0 1 3
15 12 7
5 4 5
10 7 18
4 8 6
8 19 14
17 20 13
8 5 12
4 16 10
13 15 16
20 17 0
5 15 6
11 7 10
12 1 18
9 2 8
9 1 12
7 18 6
4 18 14
18 0 6
0 16 18
4 13 15
0 13 0
4 1 11
14 10 12
2 7 16
15 15 11
10 9 2
2 20 0
19 10 7
20 3 15
20 8 15
17 20 11
19 15 13
1 15 1
15 4 13
9 17 15
9 10 9
17 12 14
6 19 6
15 13 17
15 8 2
10 9 12
11 12 5
2 8 2
1 10 15
3 2 1
11 17 15
3 18 9
4 6 0
20 13 7
19 2 6
10 17 18
8 15 20
9 18 10
3 17 17
18 18 7
1 5 11
8 13 6
1 19 5
13 5 9
0 6 14
8 17 15
0 16 14
14 8 3
9 6 2
14 16 4
8 1 18
5 11 8
13 14 16
17 7 20
0 9 9
2 2 20
7 16 17
0 2 17
19 9 20
8 0 8
0 20 9
19 12 9
10 13 9
9 16 15
12 14 6
19 16 6
20 10 20
12 12 3
1 1 14
16 19 13
7 9 11
13 6 11
16 4 1
14 3 16
14 16 3
11 2 9
20 14 0
15 2 6
13 5 9
20 0 18
10 9 11
3 1 19
13 5 19
6 3 11
2 17 19
9 16 5
20 2 12
15 11 11
3 3 10
9 17 2
7 20 20
12 9 5
1 0 9
4 6 4
14 16 13
13 20 2
16 17 14
9 6 18
1 5 15
1 2 4
3 6 14
6 13 16
14 5 15
3 7 10
20 0 18
1 7 8
17 8 2
19 15 6
8 1 17
10 17 4
18 18 16
16 17 7
17 18 9
6 17 14
13 9 1
6 8 19
10 9 12
11 9 15
17 10 20
15 0 13
2 19 8
20 18 9
20 2 19
4 3 7
10 4 8
17 17 9
6 7 0
13 3 1
11 10 7
5 9 3
20 19 8
10 20 20
0 1 6
13 1 5
10 16 9
18 16 15
4 5 18
5 0 16
9 12 1
16 17 9
9 14 13
8 4 16
6 7 0
15 19 4
16 10 15
3 13 15
16 0 3
11 15 18
15 5 14
0 0 0
6 3 2
20 6 8
8 20 4
17 12 8
5 18 12
20 12 15
11 16 0
1 10 9
5 7 6
4 6 11
2 0 12
18 15 7
1 12 0
0 6 8
13 4 6
11 18 2
18 3 17
16 10 5
11 2 6
17 1 17
7 14 20
15 12 0
15 7 17
18 5 4
11 15 10
15 9 13
5 16 9
16 11 13
11 4 12
10 1 17
20 20 12
0 7 20
13 16 9
7 12 15
19 11 13
17 1 1
7 6 16
6 10 4
4 8 1
5 6 16
18 0 14
11 11 7
6 13 2
3 20 2
4 11 5
20 11 7
18 14 7
0 12 20
9 20 11
6 8 12
13 14 10
0 10 8
8 9 5
12 17 12
2 10 6
20 11 1
5 13 18
14 18 2
19 18 13
2 19 5
4 0 20
14 3 0
17 9 14
3 6 3
0 13 5
12 5 9
10 3 11
12 13 12
13 2 6
3 4 18
15 15 0
12 10 3
3 3 14
10 6 7
8 5 15
0 19 8
18 17 7
11 1 3
13 5 10
20 8 12
7 17 14
7 14 0
11 13 15
20 20 6
19 19 20
1 14 9
3 16 13
4 14 14
18 9 3
13 18 14
16 0 9
19 16 9
11 18 14
13 18 18
9 18 11
17 2 16
15 11 11
0 8 15
16 11 12
18 14 20
17 19 3
8 4 17
7 11 11
18 2 3
2 17 16
15 17 5
2 13 19
8 16 4
9 16 3
18 17 19
20 0 2
6 10 16
7 12 13
19 14 7
16 1 7
7 17 2
16 19 16
14 13 0
11 10 1
12 5 12
1 6 15
0 0 2
13 12 11
1 1 14
17 5 10
14 17 3
20 19 16
3 4 13
11 11 1
13 0 10
18 4 4
7 18 7
7 18 18
1 14 13
15 14 12
2 11 9
0 10 20
6 13 10
20 10 6
18 15 6
10 14 13
20 8 0
0 3 4
10 14 9
5 4 4
17 8 12
10 0 10
19 4 12
11 3 18
6 9 13
8 4 1
18 3 17
12 0 4
15 12 8
15 13 7
5 11 10
0 11 13
4 4 15
11 17 6
10 3 13
19 18 13
11 4 1
2 9 2
20 18 5
2 8 11
13 15 16
17 17 1
7 5 19
2 15 20
15 16 1
15 20 5
12 10 5
18 3 4
0 1 17
20 13 7
17 12 2
20 0 5
18 15 5
20 16 3
17 18 17
6 1 4
15 9 0
2 0 12
17 5 14
2 20 2
7 16 6
8 13 20
4 19 3
18 16 17
19 16 13
11 8 14
11 15 19
19 0 4
17 2 9
4 15 15
16 16 15
8 2 10
2 12 19
9 1 18
2 16 17
16 6 7
13 0 16
13 19 9
7 3 5
4 19 15
0 18 2
7 12 11
20 15 8
17 7 10
2 5 12
9 11 9
2 20 10
20 10 7
2 4 5
5 4 9
0 6 4
8 18 7
10 10 1
16 2 0
14 3 7
2 8 3
12 10 3
1 20 5
18 0 12
10 12 6
20 11 15
6 19 10
9 15 18
1 14 4
13 19 10
16 5 17
11 1 3
19 19 0
6 15 5
19 18 3
7 12 8
8 15 12
8 5 10
9 9 10
18 5 15
2 2 10
8 12 3
2 11 20
18 2 14
15 1 6
13 14 5
12 16 5
5 17 12
20 15 16
3 18 14
19 15 12
18 11 16
4 19 1
17 0 10
19 4 19
0 14 15
17 17 20
8 7 11
11 2 3
10 20 3
13 8 19
8 12 14
4 17 3
10 9 10
11 12 4
1 18 13
10 13 14
7 13 9
18 17 7
1 1 14
3 3 2
18 2 18
5 18 17
7 4 10
18 14 8
11 13 5
1 14 11
1 1 10
1 18 11
16 10 19
0 7 8
9 8 4
11 15 2
6 13 20
14 18 12
16 13 10
11 8 18
3 11 6
18 5 19
12 11 8
8 16 5
12 0 5
11 19 20
17 9 6
15 1 20
17 19 12
15 17 8
11 9 7
20 8 2
13 4 14
10 13 3
2 20 18
16 2 15
13 0 10
20 12 7
6 5 7
13 20 7
8 20 13
1 18 14
0 6 19
16 1 4
11 10 0
16 6 9
3 12 15
14 15 12
9 13 3
2 17 3
9 3 14
14 8 12
2 5 16
3 14 16
2 1 16
20 13 0
20 14 18
6 2 12
17 17 1
16 8 0
11 16 0
10 14 19
7 1 9
8 12 9
4 5 6
4 14 17
13 1 4
17 20 16
15 0 14
13 18 16
20 10 8
1 3 12
10 11 3
16 7 1
6 6 1
19 12 13
15 13 5
1 15 2
11 1 13
5 6 16
3 15 8
1 19 0
17 12 7
19 7 6
8 16 5
19 16 4
1 3 4
13 13 10
11 14 3
3 1 11
18 7 7
18 5 20
15 13 10
12 4 4
7 19 14
4 19 3
0 13 7
13 13 0
1 0 12
10 5 19
8 19 3
13 3 12
9 1 18
20 16 7
4 1 9
