1000
25 16 6
6 10 20
29 4 24
5 16 3
0 13 2
12 15 29
14 7 25
16 24 28
6 18 3
3 1 10
13 13 0
8 25 8
5 10 21
26 24 21
12 10 8
19 0 29
8 10 22
15 6 30
11 22 23
30 12 17
23 29 1
21 0 14
24 17 26
29 17 21
17 16 10
17 8 29
22 4 4
8 1 2
13 19 5
13 5 14
14 20 17
9 19 23
28 25 9
25 7 25
1 15 26
7 5 23
0 27 28
28 20 8
2 18 0
20 17 30
15 27 6
24 27 19
30 9 26
4 20 15
15 26 3
5 11 17
9 11 26
26 23 12
16 1 19
19 11 29
22 11 19
25 27 5
15 26 3
15 24 11
30 17 27
0 21 15
9 22 18
6 2 8
4 11 29
2 8 17
26 17 24
14 19 18
18 14 9
7 4 10
5 20 29
22 12 23
13 10 22
17 3 15
29 5 9
17 23 20
5 10 25
27 30 26
15 0 20
29 22 4
12 1 14
20 29 15
11 25 2
9 22 17
13 15 9
10 26 29
27 30 21
14 23 20
0 29 5
5 11 17
14 11 4
6 9 30
11 9 17
0 7 18
9 10 1
16 28 28
11 17 8
26 0 9
30 1 5
21 26 4
10 20 28
11 4 21
5 30 2
8 16 19
27 5 8
18 24 8
27 10 20
22 4 11
25 5 1
20 23 21
18 7 0
21 1 11
27 21 24
2 24 30
23 30 14
9 5 7
1 11 0
19 1 4
10 15 28
26 21 30
12 23 27
17 23 19
17 28 24
19 21 1
18 3 7
13 25 23
5 12 28
5 1 22
11 15 18
26 12 19
3 5 13
27 24 20
28 7 0
18 17 25
2 3 2
2 11 30
24 26 20
27 18 3
16 15 23
0 5 5
6 7 4
15 19 15
25 5 3
27 18 19
16 0 30
29 29 25
1 29 14
10 25 6
15 9 22
0 15 16
29 3 22
13 5 26
13 19 23
19 17 24
0 26 29
24 18 13
24 28 23
4 30 19
6 22 11
12 6 20
24 16 17
24 7 6
6 22 23
0 16 17
3 11 26
29 8 11
9 8 21
11 22 28
18 26 26
1 26 30
29 17 9
24 21 2
8 17 12
19 27 30
3 25 19
11 27 20
16 27 11
29 14 7
29 21 3
9 25 18
21 25 16
21 30 8
27 10 19
25 15 18
22 10 21
25 2 21
27 5 6
20 26 21
28 28 25
0 15 20
25 24 3
11 26 18
7 29 3
0 0 21
14 8 15
13 17 7
2 14 2
16 6 0
1 26 22
27 4 15
19 12 30
20 19 23
9 29 21
19 21 16
25 28 26
14 1 20
12 15 13
13 10 19
20 24 28
6 3 3
21 21 1
23 30 28
12 15 16
8 30 19
15 17 16
6 4 24
8 14 21
2 19 17
30 24 26
23 26 21
24 17 8
16 27 28
10 15 21
15 1 30
28 5 7
26 7 25
14 3 22
14 10 22
29 4 6
27 26 9
13 7 25
11 12 19
20 2 28
7 7 19
23 26 24
9 25 30
27 8 9
0 12 15
22 8 29
24 27 23
30 1 4
16 12 28
1 4 27
19 28 14
23 19 16
8 15 5
13 7 14
15 29 10
18 24 7
26 6 5
16 13 9
9 5 4
19 25 27
23 7 17
25 21 4
9 21 24
26 1 7
1 4 24
15 5 1
23 1 22
16 7 16
1 3 16
23 4 8
21 22 12
7 30 13
15 12 30
12 25 26
30 18 23
22 28 11
5 28 18
18 19 26
7 24 14
22 10 16
2 2 5
15 14 11
21 16 26
16 14 26
23 18 12
9 7 24
20 4 22
16 21 9
11 16 18
6 17 9
16 30 14
3 30 27
13 2 21
3 17 7
26 5 21
23 19 15
23 15 19
26 7 26
21 6 1
5 13 7
23 18 14
24 5 7
10 12 2
24 3 16
10 7 29
10 23 16
24 27 26
5 10 29
28 9 6
10 27 1
29 2 6
7 19 29
18 10 14
19 10 0
11 1 24
19 5 9
6 20 0
28 12 7
17 20 3
21 11 8
17 15 27
0 24 1
14 12 21
17 8 29
3 16 15
26 30 16
5 8 1
19 10 7
16 14 9
8 20 17
23 8 21
1 14 15
20 23 12
5 5 0
1 2 6
26 18 13
21 25 3
30 21 11
26 29 5
2 7 19
12 24 8
18 28 8
26 21 29
19 13 13
10 15 13
17 18 26
21 8 16
8 11 29
2 13 5
18 19 23
2 3 20
7 8 14
8 1 7
4 30 0
11 9 1
5 11 5
13 28 28
14 2 26
5 22 24
15 23 23
9 1 3
28 29 30
26 27 10
13 7 19
12 8 29
9 8 10
17 16 5
21 22 18
2 25 6
20 28 24
6 28 19
13 12 2
3 29 28
13 27 4
29 22 12
5 16 30
16 13 20
3 4 10
18 26 12
2 25 22
3 14 13
26 14 27
18 8 25
0 22 11
20 13 23
20 7 10
25 25 21
6 26 27
8 5 11
6 9 20
5 15 28
21 13 30
2 3 28
23 0 16
11 29 29
11 4 3
0 7 15
29 5 23
14 22 2
1 6 16
25 7 10
26 6 4
10 11 6
14 25 27
25 17 7
13 30 21
17 17 30
26 5 15
18 27 15
5 23 6
18 18 28
29 26 28
16 14 16
19 17 26
12 10 16
21 29 15
24 24 2
26 28 16
21 0 15
9 19 16
5 18 7
17 11 9
28 10 23
11 13 24
25 18 20
17 19 24
5 23 28
14 17 28
12 2 24
17 22 0
30 15 30
8 5 28
24 15 21
30 11 21
0 4 26
29 9 14
27 10 21
9 20 14
22 23 24
11 11 16
17 24 24
15 29 5
1 8 24
13 30 19
22 17 5
5 23 3
18 29 21
19 6 26
13 19 28
12 17 9
0 22 29
20 19 19
0 15 28
5 21 25
23 18 1
24 29 11
16 28 26
17 14 2
1 16 4
27 22 29
10 5 29
19 7 15
29 0 2
20 6 30
0 12 19
19 22 20
0 3 8
11 19 2
7 30 3
16 0 2
2 1 7
22 24 15
6 16 7
23 17 11
8 14 1
6 30 0
11 30 21
10 11 5
23 12 1
28 29 22
21 7 11
17 17 14
25 28 28
3 15 18
20 6 13
11 20 2
9 7 16
4 12 3
15 16 11
11 8 18
17 2 20
24 20 28
7 22 2
24 9 11
13 9 28
9 6 21
15 10 18
21 26 12
18 13 30
14 18 28
26 1 10
2 4 27
21 10 16
1 6 6
22 24 16
12 1 16
18 12 27
4 8 4
9 25 28
6 14 26
19 15 14
19 17 30
3 7 15
14 7 6
28 7 21
4 4 4
4 14 10
2 15 12
30 4 22
12 25 0
22 0 22
28 28 19
1 8 19
30 9 24
24 5 30
20 21 8
22 17 14
9 24 28
3 14 27
19 4 27
4 30 6
18 22 24
7 13 11
3 30 24
20 3 13
9 9 12
19 17 2
30 8 3
21 7 14
4 2 8
12 24 19
9 20 27
20 8 7
26 28 9
29 24 18
2 20 0
6 30 4
23 13 21
15 20 12
22 0 13
0 0 16
20 1 1
25 6 24
29 28 7
30 17 2
10 26 21
22 6 1
0 27 26
19 4 28
23 29 2
6 12 2
13 4 19
25 18 26
10 10 8
8 17 12
11 10 11
16 28 3
24 13 0
7 11 25
25 18 25
7 2 28
28 18 21
7 28 14
17 4 14
8 17 19
9 22 13
27 10 18
14 30 23
3 1 21
8 30 7
0 24 10
14 22 24
23 27 13
27 22 21
20 5 3
27 6 15
18 29 19
3 16 21
6 9 15
11 2 2
20 27 10
26 21 14
21 3 13
29 29 17
12 29 26
18 9 23
10 30 4
4 2 12
19 22 30
10 18 17
12 1 11
3 4 7
27 20 20
27 26 8
21 17 6
1 1 9
16 16 26
4 26 8
11 9 28
12 10 19
23 11 16
9 19 30
28 14 0
24 7 7
12 11 20
11 11 29
15 30 23
7 13 18
22 7 22
30 15 22
15 10 15
20 26 11
21 26 29
9 21 30
22 9 28
28 30 11
5 2 26
16 18 18
0 13 1
8 6 5
25 2 13
5 21 17
26 5 22
16 1 18
12 12 15
18 4 16
10 0 14
20 14 8
18 29 5
4 20 1
27 26 2
17 27 23
10 12 5
21 21 6
24 21 4
13 11 21
3 19 20
26 14 7
15 5 24
5 28 20
11 19 13
9 17 5
24 29 26
15 1 14
2 24 2
3 8 16
24 16 19
13 21 10
28 27 28
6 3 20
25 9 29
13 23 27
13 9 15
4 23 28
21 16 11
15 24 23
1 18 10
7 26 25
2 17 9
4 7 0
1 3 12
7 13 15
18 1 18
19 21 16
30 20 29
24 14 6
6 26 25
22 18 27
14 25 28
8 5 9
16 27 4
0 20 27
21 18 19
30 18 18
14 8 17
22 23 28
20 9 12
27 2 29
22 17 25
20 0 21
8 27 9
21 5 11
7 0 14
9 12 18
0 10 23
9 5 5
23 12 3
23 25 8
21 18 18
9 22 28
24 15 14
20 11 6
23 24 22
24 20 12
22 30 5
24 18 3
1 8 6
21 30 5
4 30 20
17 5 15
13 16 15
10 18 15
0 22 3
16 16 0
24 11 26
20 28 6
26 15 10
11 21 2
26 1 23
9 8 0
17 6 2
9 14 11
29 8 5
3 9 8
4 4 27
10 29 22
12 12 16
1 3 15
23 14 19
16 18 2
28 10 24
21 11 5
1 1 18
26 6 1
24 25 29
5 3 9
25 27 2
4 4 20
13 13 16
20 26 12
0 15 1
5 19 18
18 10 9
20 30 20
22 23 20
0 8 11
29 22 10
5 0 1
14 24 10
15 2 25
6 10 11
9 2 6
17 5 25
29 7 18
20 23 30
9 21 0
24 13 13
11 18 27
29 29 6
8 17 3
17 9 13
26 19 29
6 2 20
4 21 0
17 0 18
12 22 14
15 10 7
22 1 11
14 21 25
4 15 25
19 27 17
23 9 8
6 15 23
1 6 29
6 11 1
27 3 4
28 23 5
1 21 3
5 19 1
9 14 17
20 5 18
1 22 27
25 26 3
11 5 4
23 11 21
18 21 8
27 19 24
10 5 22
17 25 17
10 23 6
1 4 3
28 27 10
15 2 20
8 26 20
16 14 0
19 25 20
14 7 23
5 23 21
17 18 25
30 3 7
8 7 14
22 18 6
30 11 12
14 4 8
26 8 0
17 24 30
5 8 1
8 23 13
26 17 19
15 27 17
29 17 30
8 24 29
0 4 5
23 26 23
9 4 27
16 10 10
14 16 5
10 22 1
30 30 6
14 9 28
14 4 1
20 25 25
29 11 6
23 27 10
2 18 11
26 3 29
18 16 18
18 11 13
1 6 1
2 1 25
2 21 25
18 22 4
0 15 19
18 8 18
16 5 26
20 16 13
3 11 25
12 30 9
3 3 26
8 23 25
25 2 30
30 6 8
3 21 8
25 16 29
8 22 2
9 2 9
10 0 10
1 5 11
13 27 15
15 8 2
24 5 28
12 8 16
0 19 5
21 23 6
12 21 18
1 18 12
14 27 15
15 11 3
12 6 24
25 22 22
11 4 21
26 22 24
2 19 21
21 24 15
25 11 28
21 4 25
4 21 30
18 25 25
11 7 8
25 28 17
29 3 23
20 25 10
8 12 8
22 15 26
28 27 1
14 0 5
12 13 29
9 27 16
10 2 17
18 26 16
28 20 17
26 26 11
9 21 5
5 14 1
11 11 26
3 27 12
5 24 19
15 9 2
9 17 13
2 6 13
0 30 25
29 14 27
28 4 29
1 30 11
8 21 3
7 30 9
3 27 6
26 13 2
15 19 4
14 23 14
18 11 21
17 24 8
4 24 27
10 1 30
5 24 6
16 28 27
0 20 25
23 3 12
12 17 29
28 5 14
27 20 3
11 27 8
6 26 22
0 20 24
12 28 9
30 2 19
26 17 24
23 17 26
13 16 22
22 20 2
25 0 16
8 23 8
24 18 8
3 30 18
22 27 25
22 30 21
0 8 19
10 9 17
23 6 26
30 20 2
25 21 22
1 26 16
6 8 27
27 28 21
28 17 8
7 7 17
26 9 8
2 5 11
18 30 6
30 6 2
4 30 16
18 8 0
18 6 29
7 7 28
18 8 5
2 26 23
24 9 27
22 10 10
12 22 14
11 6 27
29 4 17
5 11 1
1 2 18
7 18 11
6 14 16
7 1 26
23 4 23
18 15 7
6 11 26
20 11 25
15 23 24
15 14 2
20 30 22
1 12 20
12 24 25
26 24 3
13 5 29
27 2 14
9 9 27
1 16 5
29 5 26
6 13 22
0 21 3
22 1 7
30 28 21
27 20 24
30 18 26
30 16 11
11 18 22
6 4 22
23 14 2
10 24 9
6 13 7
15 11 26
6 10 24
26 16 25
3 10 7
13 25 9
1 23 10
5 22 17
20 12 28
9 9 15
12 21 4
7 12 12
9 19 14
20 14 0
7 5 2
27 21 15
11 0 2
27 2 17
19 24 8
27 2 19
20 2 22
25 12 9
0 18 11
4 15 22
9 3 17
17 17 1
19 10 18
4 16 17
23 18 12
16 25 29
17 13 7
