1000
30 11 8
27 32 33
21 1 26
11 6 0
37 39 17
39 22 4
30 12 24
33 19 12
13 18 38
3 12 24
25 36 25
9 26 6
28 10 27
24 27 38
26 35 6
6 19 33
20 33 34
13 13 4
35 7 6
9 11 8
7 39 25
29 21 8
30 24 30
11 32 16
5 1 21
15 26 38
21 24 13
4 28 14
13 36 17
33 10 13
3 22 37
20 29 16
37 32 26
27 1 29
10 20 39
23 3 26
22 40 32
31 25 23
13 17 40
32 30 18
13 30 10
23 18 8
24 19 29
18 24 1
5 15 12
22 4 26
38 12 30
15 19 23
1 20 16
20 20 28
4 37 11
39 21 5
4 7 20
33 5 16
18 29 20
31 35 1
17 27 8
18 11 15
8 9 18
35 35 37
25 26 25
10 21 29
27 9 5
2 25 16
22 3 29
14 28 29
37 23 23
25 31 25
29 23 3
19 20 23
24 39 0
32 19 14
19 10 20
19 34 28
1 25 34
1 26 8
29 33 5
8 10 10
20 33 25
19 0 18
29 2 3
10 28 33
13 13 10
26 16 17
21 8 3
24 9 30
35 5 37
11 16 37
35 33 39
3 6 12
30 12 19
16 24 19
12 4 14
3 7 30
25 28 19
10 0 9
39 12 20
15 4 29
10 13 25
28 32 26
6 38 23
13 24 3
20 15 12
36 16 12
1 5 28
33 14 40
14 34 22
24 32 2
8 5 6
12 35 24
27 2 17
36 13 33
35 37 38
37 29 16
22 36 15
15 22 6
6 29 32
19 2 5
4 4 1
12 16 38
13 37 0
3 30 21
26 34 8
11 4 5
0 29 14
23 30 7
9 1 18
18 13 36
7 29 15
13 26 22
34 25 21
12 6 26
16 12 11
28 27 0
12 8 11
16 37 25
31 38 40
36 39 26
22 0 40
37 15 29
31 3 25
36 8 18
38 15 19
3 24 27
19 13 18
29 31 29
19 32 27
25 5 9
21 5 23
7 32 35
28 9 35
40 17 39
22 26 37
23 14 40
31 1 8
14 31 7
33 15 13
4 7 19
31 10 22
12 6 16
38 28 33
15 17 35
14 7 37
22 16 38
33 19 18
10 29 38
20 19 23
11 32 21
9 24 39
40 32 8
0 1 30
37 18 15
9 38 20
28 38 27
29 1 33
22 35 36
32 21 19
25 11 26
8 20 34
3 11 10
0 27 0
4 27 21
6 28 22
32 8 10
40 17 21
8 3 28
11 39 21
1 17 14
27 18 6
6 17 13
29 31 30
4 29 10
23 9 6
2 15 30
27 24 22
30 13 31
19 17 12
27 9 39
1 27 3
11 22 3
23 9 28
24 30 38
20 33 11
14 6 25
7 21 7
31 12 15
25 37 7
33 10 11
17 10 32
37 36 34
17 30 14
37 35 9
26 6 13
28 26 13
2 28 4
1 37 14
21 31 16
12 24 13
6 27 2
17 37 38
1 39 18
25 2 40
0 24 39
39 9 19
8 23 36
22 38 21
28 9 38
33 20 12
20 10 26
19 2 22
0 23 11
40 34 33
31 31 23
27 18 23
6 15 36
21 29 18
31 30 8
26 24 25
37 30 38
29 37 39
35 29 26
15 34 22
6 15 35
31 20 22
27 33 38
10 21 1
35 32 19
9 15 16
39 11 8
35 25 35
2 30 35
39 10 17
30 21 33
33 31 37
6 21 14
32 18 18
23 29 13
5 20 6
8 39 11
13 35 24
32 12 13
15 33 27
28 35 14
9 20 38
24 8 17
10 28 27
31 24 13
40 12 15
3 21 13
11 38 40
25 37 39
29 39 7
12 18 36
11 6 4
22 34 20
27 29 13
4 20 9
24 22 2
0 21 8
8 33 29
40 13 31
31 23 33
0 5 23
30 27 18
0 30 14
6 40 8
0 14 15
13 31 25
6 2 40
15 20 38
17 29 27
35 9 38
36 9 32
4 0 10
16 22 2
20 10 23
40 33 17
25 25 9
0 16 36
22 17 20
24 14 37
21 11 34
23 24 27
32 32 26
6 33 14
7 22 3
5 6 16
15 31 27
6 12 23
13 23 8
12 14 12
28 18 21
11 32 38
12 18 33
20 40 24
8 9 18
36 15 21
17 22 30
25 4 27
19 20 37
23 36 15
17 28 30
15 25 6
8 16 13
38 14 15
35 1 12
5 38 39
16 15 32
4 5 26
9 27 24
16 40 24
33 8 0
18 33 40
18 1 9
24 34 27
25 39 1
24 29 32
6 37 22
13 20 31
40 28 24
31 31 19
39 0 24
36 26 34
4 31 35
33 8 31
36 5 28
30 6 11
22 12 1
25 16 25
9 11 12
3 24 29
37 8 37
27 13 27
6 33 36
29 34 11
27 40 39
16 39 40
10 7 40
20 19 22
17 7 5
20 17 16
14 40 38
16 5 8
38 14 20
17 34 40
26 13 36
40 21 34
10 11 15
30 32 18
11 28 2
15 38 14
6 21 12
33 7 40
39 20 15
17 18 35
26 39 2
12 27 32
3 40 23
39 27 15
31 0 10
4 31 31
10 20 29
20 6 26
40 13 3
21 22 28
4 35 22
0 10 16
16 29 31
35 38 7
21 34 25
4 22 12
8 26 14
18 20 35
28 30 23
23 4 13
16 39 39
4 9 25
23 0 14
1 33 14
25 36 26
12 16 26
17 29 14
7 12 15
31 6 1
7 27 12
27 12 23
3 39 16
35 7 18
17 0 39
20 15 16
9 0 16
33 39 33
18 10 27
10 13 11
12 32 8
33 38 35
39 27 28
23 1 12
1 32 24
3 28 7
26 2 6
20 31 15
16 40 9
3 14 5
38 27 34
40 36 14
35 20 23
2 23 23
38 33 21
32 33 18
26 9 34
6 2 6
19 34 8
16 1 27
33 39 8
9 26 27
36 17 37
21 22 20
37 16 7
36 39 21
30 14 40
25 6 40
20 21 33
22 0 18
7 17 28
36 29 19
4 1 38
31 37 19
9 12 13
39 21 7
30 13 28
13 26 1
39 19 1
37 15 39
13 5 0
4 3 29
25 5 32
27 40 37
35 8 33
31 2 27
7 7 15
18 36 17
28 28 6
5 11 6
30 8 9
16 24 26
30 4 25
10 4 1
18 19 31
10 31 7
0 3 17
28 28 29
16 6 17
17 7 14
1 19 24
5 32 10
0 24 19
6 37 1
14 35 27
32 29 25
9 1 30
37 25 16
40 18 8
32 21 12
39 14 1
9 6 0
25 6 6
7 18 22
34 14 28
12 18 33
10 23 39
22 21 30
16 29 33
1 4 24
12 33 13
40 37 37
14 12 4
2 2 18
40 1 5
2 20 14
16 8 22
3 34 2
21 28 15
3 5 21
8 23 18
4 12 25
28 6 30
30 29 21
40 8 2
0 24 6
20 6 34
19 25 13
11 19 22
5 34 0
29 32 19
19 30 31
35 40 23
10 32 0
9 13 33
14 20 19
25 8 37
27 2 9
40 3 22
17 26 16
24 10 7
23 23 8
0 9 36
32 32 35
15 30 16
15 2 1
28 40 40
21 9 5
9 10 25
11 36 17
21 36 28
16 16 4
37 32 9
19 36 40
30 7 34
2 16 34
12 27 15
15 11 31
25 38 12
35 13 8
21 22 16
38 13 37
35 8 6
34 27 36
29 18 0
33 2 34
8 18 38
22 17 19
4 27 9
37 29 31
33 19 14
26 23 34
31 24 14
13 7 4
0 8 10
5 17 34
24 17 10
33 29 38
5 36 8
29 33 36
2 36 38
33 19 7
11 5 11
24 31 35
9 16 40
23 20 16
32 18 21
22 39 31
40 19 35
24 34 36
36 35 11
11 40 5
17 5 40
27 22 5
18 26 5
24 32 7
25 36 8
10 32 13
36 38 3
2 33 36
34 15 8
28 4 13
38 26 14
40 1 25
7 7 29
28 17 11
19 31 27
19 26 16
25 26 16
16 5 39
22 10 10
1 12 7
35 29 37
1 19 12
9 9 40
10 27 39
3 22 35
33 9 28
31 11 34
2 18 14
19 8 28
26 32 18
2 8 22
20 13 28
2 7 20
22 17 34
34 23 5
25 28 27
29 12 20
33 17 6
16 35 22
30 38 5
35 22 40
29 11 32
7 38 6
8 35 38
9 20 12
34 19 4
2 12 14
2 8 23
10 23 24
1 31 13
13 37 1
8 18 20
16 29 15
30 12 5
24 6 9
21 37 24
22 3 40
40 22 24
8 26 0
4 21 31
34 30 27
34 10 22
19 35 16
2 34 27
24 10 29
15 6 40
26 31 16
29 13 18
20 21 28
10 25 15
40 21 26
18 32 0
2 26 15
6 29 33
8 40 14
22 9 8
3 1 7
40 4 21
18 36 31
19 11 39
8 26 29
37 30 35
32 13 12
22 38 11
14 3 39
12 19 22
33 31 1
35 31 19
32 6 25
27 26 3
21 40 1
29 22 34
18 11 20
28 4 8
1 0 40
23 20 15
20 24 28
37 37 18
25 29 9
23 24 40
37 12 24
36 15 27
10 31 3
21 8 1
9 14 1
30 24 8
2 15 3
33 15 4
24 38 2
18 17 10
13 8 18
38 17 4
38 11 15
16 33 37
38 29 12
24 27 15
13 25 21
7 3 30
27 9 8
21 32 23
15 17 37
9 36 31
30 2 29
38 3 26
7 5 28
36 5 16
38 15 26
16 35 13
40 28 4
30 27 36
24 0 1
8 12 9
39 19 29
21 18 6
36 35 27
33 17 6
24 22 10
35 32 39
36 2 16
13 26 28
20 29 28
40 0 13
22 26 28
7 4 36
8 30 4
27 37 40
10 2 30
9 40 19
9 3 14
38 33 7
37 8 18
20 24 10
38 35 28
3 23 18
28 38 2
24 33 14
19 19 19
5 20 23
17 30 33
15 15 32
7 22 24
18 37 31
8 2 19
18 6 9
33 5 6
32 0 28
27 3 3
12 18 11
38 21 39
26 9 21
18 23 31
24 16 31
14 8 39
20 37 33
25 30 32
24 16 27
8 31 19
2 35 34
26 26 8
26 38 13
26 1 2
2 37 24
4 22 8
39 2 30
5 12 24
3 2 34
24 40 33
35 1 7
17 8 21
31 32 6
8 33 12
31 12 30
1 13 19
0 34 3
27 15 0
32 4 7
20 36 20
23 9 6
10 0 23
23 26 3
31 37 15
23 39 33
37 29 22
7 31 13
13 37 23
39 27 32
19 40 2
2 37 39
34 33 30
22 7 21
31 2 3
12 28 3
15 13 8
22 19 12
2 14 29
9 16 31
15 25 31
13 2 19
39 38 10
36 7 19
39 1 35
7 15 1
2 38 30
20 12 38
7 15 31
34 32 34
9 33 24
10 12 3
16 1 24
7 2 23
17 39 7
24 33 13
6 22 22
29 15 36
24 21 6
2 23 16
18 1 38
39 35 29
5 13 5
15 40 30
35 12 33
28 14 3
26 9 14
35 24 5
27 20 12
2 40 23
25 33 11
14 36 12
11 22 24
20 2 27
13 40 10
6 18 18
1 3 1
1 31 18
34 13 14
38 23 23
8 9 10
37 17 2
24 13 31
35 31 29
20 35 29
1 36 10
12 27 40
3 27 20
1 31 16
17 5 31
40 28 3
4 34 36
15 33 28
19 9 22
32 4 12
28 10 21
20 15 25
8 28 15
0 9 0
25 15 35
19 23 8
15 27 0
2 8 17
5 21 18
23 40 33
27 36 5
12 3 35
21 7 2
17 17 15
36 27 38
10 8 22
13 26 30
7 34 39
11 28 30
23 7 37
36 5 21
13 11 11
34 33 5
5 8 2
27 24 12
28 15 3
16 28 34
21 40 2
18 6 2
18 36 28
40 25 25
32 31 27
37 22 14
9 0 38
32 40 7
21 25 3
28 21 0
0 6 35
6 38 21
18 17 35
35 6 31
6 40 1
13 31 25
32 24 4
15 7 6
13 24 39
24 22 11
40 31 40
9 37 12
37 21 22
9 3 40
13 21 39
16 9 34
4 33 12
7 16 24
24 31 0
23 14 37
28 32 17
6 11 18
2 23 3
27 3 10
29 19 24
2 6 19
11 31 7
20 36 35
22 3 33
3 36 33
32 9 18
37 7 16
40 33 5
32 26 28
30 8 28
23 37 17
24 14 19
31 35 9
17 26 17
19 12 29
34 20 29
27 2 37
18 33 24
9 18 6
16 9 31
28 30 14
33 11 34
0 5 24
1 29 20
7 34 14
9 23 21
17 13 10
40 26 38
28 1 33
8 32 32
5 28 22
29 14 23
20 31 13
36 12 21
0 22 20
36 37 7
29 4 17
33 29 0
27 21 7
9 17 36
9 8 36
26 35 31
10 28 30
8 23 23
34 10 1
4 9 32
7 9 5
39 26 29
26 6 14
16 38 30
22 25 3
40 22 7
14 33 27
39 33 28
30 10 6
28 19 10
24 18 19
9 20 38
8 29 2
28 22 34
0 17 8
30 5 19
24 40 31
10 23 9
19 32 12
15 5 17
25 32 1
32 12 33
38 36 26
24 2 22
13 23 0
15 32 13
16 3 19
33 7 39
16 15 33
4 24 20
30 18 8
30 4 9
0 8 16
27 13 38
6 36 15
16 4 4
0 11 9
15 19 16
7 21 28
8 8 2
27 19 29
14 2 37
13 16 13
15 33 0
0 20 10
