1000
46 88 50
40 8 53
66 81 32
59 86 52
49 30 84
21 23 63
2 9 85
44 52 66
21 41 30
13 84 30
40 45 66
29 7 69
28 27 8
1 30 27
33 53 19
67 46 41
47 67 31
37 10 67
12 43 30
24 90 5
80 41 48
36 14 58
18 6 2
64 82 73
21 78 1
85 64 64
17 10 68
23 74 0
17 21 71
50 39 18
7 51 1
17 47 18
65 28 32
59 74 11
34 27 57
63 3 36
60 38 62
51 47 74
23 30 37
62 7 76
4 75 23
19 73 25
75 41 52
8 80 41
83 20 55
27 15 45
29 64 9
35 55 26
65 20 9
14 58 63
61 77 0
5 31 4
41 20 21
49 84 82
45 80 8
16 12 78
81 71 16
22 55 43
27 33 21
23 23 76
6 70 41
79 76 37
59 40 20
89 60 19
28 19 63
62 31 71
66 56 42
46 33 86
14 20 11
88 47 69
32 27 71
73 44 35
13 51 29
78 0 11
1 47 16
24 90 48
31 53 52
84 55 35
84 13 84
55 37 81
62 29 5
76 31 24
82 18 3
86 86 40
64 16 75
87 88 62
90 24 7
1 12 67
16 89 30
85 57 17
10 60 69
81 1 41
6 64 73
28 64 54
5 57 3
28 45 0
28 14 22
49 57 78
84 27 47
52 20 71
12 75 22
72 75 45
69 48 9
75 43 26
6 30 64
58 27 88
47 31 13
3 0 10
5 83 59
27 17 33
6 61 39
63 45 4
87 44 0
16 78 74
8 80 2
19 23 49
33 31 15
89 46 39
52 32 83
83 38 2
90 85 33
8 90 15
19 83 47
9 72 26
49 61 7
41 61 25
19 25 0
39 84 56
2 46 74
21 18 35
46 83 4
89 39 23
9 26 19
10 20 72
26 46 30
78 76 49
46 3 18
10 72 57
4 32 28
15 83 4
80 46 42
9 13 73
71 81 59
71 3 25
83 14 0
2 4 60
35 39 16
64 42 49
40 32 45
9 61 52
22 61 32
21 62 72
57 49 35
89 48 3
71 42 11
19 48 40
1 14 60
69 69 69
63 7 71
85 41 5
50 45 17
87 5 63
57 79 30
54 28 6
16 40 68
7 71 71
12 8 9
74 72 33
69 76 20
58 7 64
69 41 48
29 75 79
16 48 34
73 27 13
64 80 19
44 86 2
37 73 0
54 9 37
90 6 83
59 50 54
21 79 53
34 79 77
41 57 82
15 48 64
82 71 2
35 7 74
48 9 47
18 21 55
14 28 17
32 8 23
11 16 14
79 45 87
89 74 2
86 64 48
20 63 40
12 78 58
35 87 18
47 39 36
90 74 50
48 76 80
80 42 83
60 34 0
0 70 49
7 60 34
20 12 75
0 16 74
74 41 4
11 25 87
58 13 89
11 77 20
74 74 25
1 31 14
34 55 5
15 29 83
1 39 42
13 3 73
72 47 12
81 32 90
30 66 44
53 6 56
5 71 32
11 57 53
50 12 58
42 87 52
48 84 71
14 56 73
21 23 73
82 4 47
15 6 44
87 69 72
29 59 51
66 89 24
42 82 39
81 84 1
35 31 69
8 4 49
63 4 67
60 18 63
2 74 51
40 53 74
54 19 45
76 23 9
37 55 24
44 49 82
82 1 10
17 84 35
39 24 30
75 68 9
24 70 66
62 86 30
13 63 52
83 46 81
88 47 41
52 44 15
68 75 80
76 18 51
4 59 73
0 51 54
24 82 78
39 89 42
26 35 11
72 1 24
45 28 64
64 4 12
0 58 73
23 3 40
5 30 35
31 7 87
57 27 42
23 65 28
69 63 51
47 84 64
0 43 5
24 65 77
0 28 40
59 3 54
39 10 84
84 15 87
78 16 43
50 18 49
36 15 53
90 21 15
27 21 65
60 51 64
7 85 30
77 73 70
43 12 66
66 40 83
80 85 24
63 65 46
60 58 22
7 1 16
86 16 12
80 22 7
49 26 39
64 53 3
76 50 6
13 53 69
35 68 31
51 70 52
9 69 1
19 1 18
29 89 87
78 83 56
43 58 57
20 5 12
8 79 83
1 8 74
24 18 5
31 87 36
41 1 89
56 73 43
85 12 5
17 55 38
68 12 88
90 82 67
64 73 64
89 54 43
12 52 78
24 43 15
27 9 10
87 40 52
25 65 14
67 72 44
62 27 13
85 4 79
39 38 86
26 18 6
2 50 64
0 14 46
60 69 40
87 6 19
27 62 29
8 76 6
71 55 76
15 43 87
32 2 43
42 33 86
23 46 12
81 84 15
17 47 63
57 33 22
19 54 57
50 71 6
44 62 3
23 22 27
22 61 49
54 63 67
32 88 49
17 73 37
59 2 37
14 89 43
85 15 46
35 13 40
88 13 4
20 43 54
28 38 79
22 12 48
81 42 48
24 47 10
47 15 51
66 71 44
15 39 17
77 18 26
42 47 85
2 29 79
48 89 73
35 2 70
8 69 53
66 43 3
24 40 58
18 4 82
89 73 24
57 68 32
10 41 24
43 67 35
42 63 15
66 20 75
89 3 80
86 28 62
9 46 26
26 18 28
60 68 49
13 31 89
70 1 65
64 66 53
16 10 7
45 18 7
35 83 74
55 63 44
37 62 73
75 5 70
36 7 23
6 75 59
74 53 6
68 84 13
40 51 85
57 66 37
33 71 31
12 79 70
0 11 4
51 62 41
17 0 89
79 18 35
58 49 62
75 64 85
35 83 9
82 23 57
63 58 38
6 66 69
28 85 20
43 78 44
23 82 63
86 66 84
24 17 77
8 16 3
40 43 32
88 75 57
79 39 25
54 59 42
59 15 36
60 21 63
80 35 32
9 74 44
85 20 16
70 89 49
6 20 54
10 40 50
28 44 16
37 52 38
45 35 5
9 26 19
59 28 87
75 88 20
50 82 2
15 63 87
63 7 0
57 56 15
16 11 18
44 80 0
76 89 39
67 0 46
16 67 19
48 32 47
75 52 33
28 76 48
83 61 89
76 51 60
50 83 25
46 64 45
25 76 33
45 88 45
50 34 79
11 82 88
1 31 61
69 18 43
16 74 43
28 65 44
24 39 24
32 67 13
51 42 35
4 64 10
32 45 2
36 50 47
74 70 13
83 21 57
37 2 72
2 73 88
56 87 4
70 43 84
84 74 89
46 45 53
45 88 8
55 34 78
55 61 67
74 70 9
7 53 28
7 71 39
33 41 14
1 85 86
52 59 24
0 28 57
89 78 38
39 76 62
18 41 49
84 62 7
46 61 52
77 5 4
54 33 26
73 5 28
44 59 77
37 55 84
33 50 2
6 13 58
87 70 34
11 41 9
11 52 84
14 44 78
23 17 49
12 22 45
2 25 17
74 65 29
30 58 59
58 70 46
66 3 51
19 46 76
79 43 21
54 58 36
17 73 53
76 22 59
72 70 52
18 36 24
35 86 76
9 23 67
78 19 17
61 19 32
59 24 5
17 16 67
28 7 15
24 57 86
35 82 45
56 42 37
46 35 83
86 45 0
2 53 87
66 64 64
43 86 32
31 7 43
64 42 59
13 32 12
34 35 78
75 34 5
78 71 70
67 49 69
4 70 20
10 68 32
62 22 0
35 41 17
79 86 70
76 81 62
45 8 75
79 89 52
45 72 25
31 71 48
76 74 38
66 2 83
27 12 87
67 44 47
23 75 45
28 36 88
32 49 65
89 51 81
67 76 77
27 46 57
62 50 2
28 68 11
51 55 40
60 32 54
17 34 37
15 81 89
83 12 60
41 70 46
50 13 1
22 36 84
76 48 90
84 77 14
57 17 44
46 70 43
18 67 61
21 38 36
55 27 42
27 86 24
38 74 44
6 19 59
35 80 23
42 38 28
87 45 73
74 29 12
51 15 6
87 29 6
14 82 28
11 52 35
80 31 12
56 48 3
4 68 31
85 64 73
76 77 19
44 7 35
89 87 67
54 68 1
70 9 12
59 35 69
32 21 44
58 86 13
46 18 51
69 84 38
63 16 66
90 4 52
57 46 89
50 48 51
89 13 15
56 30 45
18 19 70
78 0 31
30 26 10
46 2 8
59 36 89
52 45 56
18 51 62
46 35 7
21 71 45
36 86 83
46 21 53
68 77 60
59 42 87
77 19 24
65 1 57
32 84 21
76 17 16
32 30 33
86 62 42
24 53 90
80 64 49
69 33 18
3 77 45
57 69 78
47 65 50
64 5 18
14 5 75
62 60 44
1 22 55
64 57 90
15 61 31
13 73 14
53 77 47
26 21 72
10 34 44
85 66 12
8 61 54
74 0 26
26 3 56
46 18 35
29 68 71
42 25 65
42 48 11
3 40 63
67 82 11
61 18 77
55 7 52
61 80 2
85 13 88
75 24 35
56 7 60
23 51 49
90 80 90
76 38 18
31 19 82
80 0 73
58 78 64
40 87 44
42 58 6
62 64 89
72 82 80
81 52 62
88 73 7
84 29 9
35 2 21
64 20 46
26 39 63
46 11 76
76 11 35
50 37 1
73 79 82
76 76 34
37 73 77
17 62 9
72 19 6
62 54 47
39 35 34
35 87 15
30 69 45
21 26 30
40 29 0
83 85 44
74 82 68
76 18 61
51 61 76
80 39 16
15 47 37
83 6 50
9 22 35
33 88 48
62 11 67
44 53 11
87 32 86
2 82 88
82 50 13
75 32 70
16 81 6
61 1 87
1 32 38
2 46 32
19 30 7
30 52 0
84 35 35
56 13 25
42 10 70
44 14 77
54 61 75
67 45 24
73 61 60
4 45 82
14 73 37
61 71 50
84 85 54
15 33 82
37 82 23
85 12 26
70 68 24
4 61 44
81 19 49
33 33 81
72 71 61
61 14 7
27 0 45
55 24 24
29 65 17
16 62 49
28 76 15
55 3 86
55 34 7
80 34 89
85 73 86
56 1 52
10 18 76
51 3 31
66 57 80
19 40 87
52 34 69
74 56 53
75 54 64
79 11 90
78 12 30
72 77 33
17 15 63
74 23 89
44 56 37
83 62 82
11 14 74
30 34 60
46 48 24
13 33 46
62 58 50
84 25 19
17 53 42
81 38 57
49 64 68
42 40 24
12 89 38
86 74 78
44 11 32
72 25 47
43 28 48
10 6 84
0 88 4
77 61 59
31 32 47
52 2 14
26 4 82
4 73 34
55 67 61
51 2 38
11 68 79
69 33 12
39 24 27
28 27 42
37 42 37
58 83 67
50 34 39
26 41 34
31 68 47
41 70 88
43 43 15
37 52 27
29 0 46
36 58 23
48 44 7
83 55 17
59 33 3
75 59 35
18 39 19
45 28 60
15 87 39
45 80 68
50 36 19
81 80 4
8 24 42
73 62 26
53 82 25
29 83 44
82 76 36
8 30 66
43 11 47
86 39 31
57 32 48
15 77 41
75 44 36
5 12 13
23 16 38
90 90 35
3 67 0
34 26 24
33 28 19
30 47 40
82 84 5
9 16 66
42 67 53
60 11 63
25 69 69
57 69 77
81 28 33
6 29 36
61 46 71
41 50 56
36 39 60
42 38 8
22 23 62
37 8 51
2 78 8
8 73 49
80 16 30
36 54 20
33 47 83
13 16 72
74 4 6
60 72 54
4 10 75
24 71 47
1 61 74
59 76 72
84 21 33
30 75 28
68 67 72
85 20 30
89 82 88
29 13 8
59 30 13
14 39 13
18 26 48
7 53 5
76 65 50
41 84 26
11 70 48
81 29 83
17 31 45
11 75 42
81 58 58
79 15 57
82 74 33
7 43 22
54 25 29
3 90 65
28 27 53
88 63 74
59 49 57
2 57 77
25 85 20
11 38 17
85 59 24
44 76 56
71 32 1
0 16 52
6 77 89
90 21 24
10 41 19
9 50 16
76 26 86
22 67 3
72 37 34
20 33 28
52 6 31
13 38 46
67 0 84
64 42 49
63 17 42
22 23 50
36 75 7
87 89 2
1 35 22
57 74 89
61 15 90
71 1 11
31 52 90
14 85 19
11 46 87
8 67 7
44 89 82
90 27 83
72 81 18
19 17 6
10 49 76
50 26 76
66 50 30
12 65 47
35 52 36
70 14 53
40 19 69
47 24 88
78 56 22
73 65 7
36 63 11
52 54 41
28 89 59
54 64 56
7 55 60
20 34 11
21 17 25
50 54 36
78 43 38
52 53 84
68 74 9
17 73 20
36 19 42
56 70 1
60 8 73
74 31 87
31 20 87
64 74 31
31 3 24
4 83 67
32 15 51
15 54 49
15 11 56
40 90 41
51 52 82
39 42 62
32 74 58
48 40 16
27 48 77
45 0 58
11 25 83
63 44 53
43 21 26
52 42 54
15 62 35
69 89 71
43 31 46
18 6 13
26 76 12
8 87 82
48 44 54
57 6 42
8 47 33
20 11 60
85 38 52
35 69 27
71 50 38
54 85 75
40 38 78
3 75 60
2 86 29
12 86 22
75 27 45
52 75 62
54 6 4
27 61 73
63 17 72
0 50 37
8 34 30
24 19 57
78 22 65
51 67 78
38 66 12
4 90 79
28 23 24
46 75 21
49 34 18
53 89 71
42 55 1
31 17 62
69 1 62
14 86 43
7 67 78
52 58 5
49 63 80
42 71 18
27 61 6
78 65 80
84 1 66
34 10 21
76 58 45
1 2 29
39 90 60
57 48 44
86 45 83
3 16 2
88 90 79
89 84 42
53 2 22
35 50 44
