5
100 20
2 212
7 851
16 773
14 141
8 501
19 722
8 141
1 27
13 200
16 816
2 990
13 345
20 269
18 367
16 667
11 481
9 654
10 471
17 540
12 435
9 883
6 419
2 130
5 577
9 614
6 235
15 398
10 731
5 984
3 871
14 722
17 2
16 897
10 370
19 77
11 456
18 531
4 675
16 90
12 109
8 815
15 804
17 713
11 482
11 533
19 62
20 67
3 201
20 511
2 410
18 241
14 771
12 429
3 377
14 324
8 303
8 705
1 468
4 125
12 936
17 204
12 51
3 598
17 183
8 135
14 745
20 678
13 51
2 450
18 285
13 536
16 704
16 838
3 929
18 580
17 532
19 638
18 271
17 603
19 298
8 409
2 878
7 270
12 979
4 264
6 936
4 391
5 831
20 406
18 373
13 101
10 607
9 386
3 536
16 203
5 972
8 821
19 161
6 913
19 96
100 20
11 49
13 176
7 64
17 572
13 519
8 56
20 849
12 191
16 976
9 520
7 789
4 460
5 140
7 730
5 381
15 308
9 13
5 983
10 843
18 639
9 515
11 376
3 622
18 542
3 728
7 750
11 321
3 955
6 869
8 322
16 780
15 590
16 442
1 269
9 456
15 712
3 393
14 727
15 742
20 619
10 75
13 835
2 503
6 448
19 552
18 88
8 597
16 38
15 346
14 464
5 543
9 336
16 577
6 188
19 808
10 847
1 536
11 557
6 720
14 250
1 605
7 132
4 728
12 429
3 284
6 170
1 529
6 830
13 300
14 32
11 924
13 224
5 71
18 766
2 115
10 476
6 189
1 311
20 718
1 841
19 32
11 18
1 109
20 819
3 129
13 417
15 923
12 848
1 200
1 893
3 816
14 595
4 655
7 415
4 557
10 716
11 879
12 72
2 12
2 829
100 20
1 656
2 553
20 740
15 582
5 44
8 163
15 479
18 129
14 387
13 854
9 127
3 766
15 447
2 453
19 644
5 14
11 641
18 927
5 471
19 643
9 538
12 54
8 585
15 589
9 234
12 476
14 883
1 821
11 930
15 344
16 951
19 733
14 885
19 435
2 684
2 581
10 370
4 184
13 917
19 431
15 122
19 79
15 50
11 299
12 768
9 681
5 172
18 42
9 171
4 398
15 684
6 38
18 116
12 384
2 11
20 903
6 685
2 353
9 715
1 831
13 111
15 40
10 883
17 270
12 979
9 423
20 526
15 989
20 753
8 575
16 4
10 78
1 771
5 337
18 310
7 257
10 185
13 61
16 557
13 424
7 829
2 542
18 410
15 723
1 336
12 571
2 878
11 147
13 410
17 655
8 859
6 18
12 493
4 953
14 192
8 672
11 418
8 499
16 624
12 454
100 20
6 809
1 694
16 723
13 606
16 564
4 907
2 66
5 904
9 587
19 331
12 886
12 694
14 968
2 367
3 737
17 168
12 132
2 55
14 474
7 887
16 840
8 422
13 668
8 333
19 780
10 907
3 15
20 258
14 641
20 777
17 460
18 136
10 170
11 87
9 780
17 695
16 902
1 319
20 48
19 648
1 750
1 410
13 993
17 965
7 213
14 761
4 41
11 342
17 170
5 813
8 951
16 829
5 950
1 38
6 422
19 610
16 483
9 231
20 422
17 638
11 10
17 655
11 992
9 851
15 444
18 896
11 677
18 193
9 337
10 628
18 631
18 786
11 643
1 378
8 589
2 670
12 514
20 836
18 466
11 782
10 664
4 771
2 69
13 420
10 942
11 215
5 249
15 968
10 452
9 667
7 470
19 835
5 500
7 478
6 70
17 807
17 791
11 235
14 552
1 852
100 20
8 805
20 249
1 358
15 812
5 336
5 754
7 978
5 687
14 376
15 200
10 716
16 102
9 424
17 474
6 541
12 59
17 566
2 329
17 182
11 902
16 22
2 872
15 120
2 745
16 7
14 175
14 52
10 684
12 115
20 734
6 515
16 88
7 66
12 16
17 7
4 463
12 966
11 660
11 904
16 25
17 760
18 804
2 55
9 600
16 320
3 210
14 589
4 660
8 784
18 557
5 491
9 870
16 873
4 711
16 202
14 648
16 243
18 296
3 243
4 42
4 472
2 363
11 16
8 741
3 656
4 896
10 409
11 683
20 477
13 23
4 991
9 557
14 352
3 778
3 411
12 538
12 698
1 915
8 606
13 893
13 611
7 145
15 137
16 223
1 644
3 230
5 269
19 616
8 336
3 803
4 468
8 977
13 958
9 601
17 566
9 796
4 543
13 592
12 35
2 561
