5
100 100
61 532
36 814
27 763
28 252
52 236
9 547
88 334
73 591
78 658
37 369
73 897
26 748
68 665
53 569
15 980
57 724
15 632
71 44
14 240
97 127
17 881
24 628
60 326
60 231
22 853
44 480
82 792
83 348
63 149
29 851
13 230
75 432
57 410
27 732
69 354
90 676
58 61
71 702
8 380
23 712
70 486
43 793
83 390
68 750
14 208
64 639
43 712
54 471
39 338
86 711
72 227
91 755
19 807
67 875
29 248
26 76
70 102
55 245
41 529
73 946
57 657
64 573
33 503
78 392
82 825
18 92
24 322
60 300
13 535
95 771
17 555
26 634
47 628
83 395
38 627
95 265
9 592
96 845
20 356
17 227
37 894
62 890
48 295
34 664
74 277
27 932
46 548
85 746
71 112
67 675
24 796
29 714
81 190
72 800
63 432
9 696
91 793
31 300
16 266
44 566
100 100
8 946
24 520
99 107
77 621
25 674
20 909
10 658
59 725
85 290
45 604
38 554
77 328
23 730
87 231
8 300
50 422
99 933
36 374
8 432
1 609
78 403
89 898
21 775
29 242
73 12
26 796
74 107
14 130
82 2
88 973
68 764
72 417
65 718
37 158
46 91
90 168
48 65
22 320
51 394
32 290
2 940
67 277
37 985
46 942
98 608
73 413
33 954
87 245
68 566
22 504
96 773
23 530
73 886
11 865
58 683
38 956
3 179
88 712
69 206
99 668
22 412
19 255
70 182
82 644
19 691
16 877
10 493
92 357
55 706
52 533
85 275
37 496
40 240
90 934
41 409
20 197
86 311
12 379
87 257
61 678
46 943
17 668
8 131
13 819
22 659
14 450
1 361
77 614
94 699
15 198
74 747
53 744
47 63
6 402
53 650
72 833
66 146
23 125
11 304
70 779
100 100
48 243
48 186
48 29
60 119
55 116
53 713
91 122
3 333
59 558
40 491
95 585
92 743
94 602
94 273
74 683
40 901
91 441
14 92
64 975
80 793
9 916
12 213
8 456
45 740
32 859
3 902
5 775
92 119
62 777
64 518
73 35
58 306
74 861
53 256
84 864
76 334
63 353
70 20
45 716
63 958
58 687
25 187
99 482
92 553
38 278
67 518
92 995
68 336
82 32
40 887
69 423
8 910
30 813
33 813
54 655
97 106
35 280
24 931
37 548
8 805
63 977
50 17
35 696
95 737
69 408
23 48
89 660
57 599
80 872
32 721
100 319
80 368
5 320
11 197
60 52
93 20
15 434
77 77
15 268
1 285
9 111
18 571
6 895
45 499
27 40
79 518
2 686
39 544
99 374
3 409
87 11
74 757
36 586
8 652
75 702
20 922
69 749
93 456
15 232
27 73
100 100
42 31
59 686
28 427
58 635
61 747
46 431
94 600
83 24
78 712
12 901
32 406
55 434
94 768
21 423
37 928
88 417
14 828
71 184
2 687
89 704
27 829
14 328
70 274
25 309
3 732
12 184
28 573
7 36
50 482
29 249
30 318
45 628
42 336
75 84
89 368
45 199
70 318
82 595
74 52
38 29
53 415
12 206
1 89
63 72
19 562
81 389
48 147
71 737
45 217
31 299
20 184
45 696
13 421
43 224
54 827
84 207
3 55
68 37
10 428
83 799
32 768
42 652
78 853
61 200
34 105
72 12
75 326
89 180
88 211
95 439
58 217
2 195
1 502
53 23
67 614
99 519
98 637
95 308
93 902
91 753
66 495
45 183
7 819
5 258
76 158
12 889
51 877
25 906
36 812
86 75
53 173
63 266
95 856
8 551
59 173
22 357
31 299
22 356
98 733
98 874
100 100
100 808
49 325
47 959
55 530
27 687
75 586
27 667
76 752
45 505
73 508
14 634
33 43
24 662
19 700
22 622
14 484
72 712
62 851
40 831
70 61
90 537
81 315
89 423
45 607
31 856
78 515
21 246
84 179
5 695
72 430
23 69
20 121
12 695
48 68
46 878
85 827
69 521
38 646
67 313
38 609
65 965
52 805
9 904
71 941
46 254
74 618
31 995
37 96
92 187
18 118
91 923
5 914
93 575
72 171
34 370
56 229
32 81
22 432
80 808
43 698
4 803
96 712
80 822
26 449
61 838
52 747
25 350
88 940
92 123
58 74
77 528
81 587
11 299
4 678
64 654
26 640
46 719
19 849
41 952
64 68
66 567
82 690
19 31
24 800
36 486
33 260
52 893
43 564
50 771
47 679
56 418
82 777
64 545
37 116
42 864
50 706
3 815
93 420
41 279
96 110
