5
100 1000
558 789
583 805
52 502
244 682
388 633
335 221
295 959
822 560
607 780
689 587
229 808
118 854
530 903
70 912
983 826
342 755
316 44
672 460
269 374
263 8
672 268
318 242
720 6
794 870
821 288
595 898
826 178
983 607
174 232
96 204
395 586
409 91
522 494
76 283
581 281
863 308
828 586
138 662
473 672
538 634
20 390
90 47
647 286
837 679
426 427
269 391
160 525
511 874
305 257
637 359
575 495
162 487
521 338
490 176
770 187
167 668
442 663
629 10
188 388
407 28
943 816
855 816
334 466
98 816
512 455
10 985
864 310
34 71
949 317
85 992
627 282
752 61
169 402
924 420
722 85
653 560
708 712
173 159
755 506
785 363
71 991
547 274
305 304
943 87
194 577
142 822
909 914
813 179
480 15
239 236
815 64
79 442
665 537
599 357
545 379
357 981
886 57
472 761
915 692
255 244
100 1000
160 496
226 643
887 701
87 176
968 214
638 914
525 965
534 475
231 653
862 273
183 807
156 677
269 166
626 503
789 875
332 408
165 521
395 710
241 954
301 219
495 320
82 263
251 789
793 226
364 340
393 899
869 997
688 3
469 933
480 58
336 227
573 193
915 157
104 207
379 473
775 37
831 956
90 881
666 470
800 503
898 268
424 507
668 957
16 56
333 758
698 812
306 46
466 746
105 170
89 710
974 122
885 21
695 354
823 634
936 898
91 786
872 567
35 49
866 104
197 267
118 697
624 188
885 875
787 976
792 370
927 516
537 198
104 642
584 27
39 306
319 721
179 579
175 892
827 182
417 189
773 172
734 543
27 899
280 987
601 349
6 580
560 240
892 220
294 855
416 909
844 807
807 681
342 691
366 859
903 825
945 332
242 779
383 775
786 103
43 868
491 711
381 33
94 922
431 84
817 169
100 1000
201 418
317 739
550 124
686 945
517 493
95 202
1000 445
379 841
792 441
797 978
839 416
625 472
748 831
505 738
819 86
313 754
810 385
474 917
118 809
419 381
620 264
35 690
144 1000
881 716
657 557
140 251
891 278
860 832
787 256
271 41
975 803
740 393
508 195
468 541
134 552
603 216
387 422
780 600
776 566
450 902
747 275
288 986
695 894
714 37
851 491
34 390
267 730
428 686
870 199
434 11
878 153
872 769
571 783
633 244
24 486
224 751
716 692
480 16
547 697
821 393
915 385
473 801
551 731
992 849
903 637
668 408
390 253
841 760
51 777
354 910
625 440
378 861
878 295
540 44
696 310
308 435
339 936
4 802
380 494
152 635
762 437
130 859
599 971
671 357
795 222
799 774
113 37
993 642
305 621
285 46
804 589
40 868
219 490
139 370
369 596
941 803
116 735
660 572
288 659
216 240
100 1000
668 21
121 773
178 100
875 421
851 44
137 494
745 766
472 322
372 438
711 336
318 996
421 825
351 540
275 868
617 134
342 402
884 462
415 2
484 445
706 814
470 182
178 733
735 58
955 567
589 45
879 940
723 510
290 445
882 315
158 305
178 643
624 778
437 170
161 422
813 216
381 54
17 210
455 362
204 232
404 946
150 149
115 734
601 387
28 136
997 780
446 869
844 474
254 336
822 767
7 615
951 902
845 892
932 680
273 437
930 992
896 780
119 640
380 135
375 737
809 985
896 943
281 72
294 467
705 549
680 887
154 791
9 989
80 904
240 953
886 798
640 370
649 275
305 117
193 110
333 754
171 624
908 77
249 832
600 646
360 847
922 962
737 229
715 791
840 850
12 916
824 742
390 87
302 249
947 997
130 987
219 53
969 382
824 549
157 791
19 732
827 688
996 582
876 225
526 844
28 99
100 1000
944 49
631 819
933 686
831 981
197 158
623 647
906 531
907 497
452 503
501 516
565 660
946 784
550 853
971 108
32 818
205 49
732 64
513 895
260 519
260 992
807 202
360 856
881 450
946 787
696 636
474 767
152 6
222 517
80 14
943 852
867 427
186 735
776 82
336 746
83 970
558 768
258 296
622 216
544 404
772 395
357 146
115 16
595 731
886 337
75 705
134 955
823 382
962 426
797 358
979 458
10 376
604 367
116 401
856 406
343 304
59 986
906 867
976 32
183 513
322 779
510 975
235 873
290 131
512 259
410 620
546 681
370 80
390 988
664 411
686 803
487 967
903 430
767 358
129 534
163 810
834 779
513 366
907 236
694 955
969 363
160 20
733 558
938 114
861 976
291 592
457 21
239 639
494 265
444 156
198 546
271 22
182 986
237 600
391 598
730 21
935 609
685 430
277 34
338 30
87 569
