5
100 1000000000
857231291 194
761703505 45
586047079 81
266336361 26
460874356 925
193573453 756
848709780 970
620855608 808
390785837 552
611916125 479
484693211 337
567332958 441
125043948 767
161746389 149
690624994 763
266048462 762
66358261 319
129823051 610
32433039 46
388873407 553
162891726 222
849814164 346
738387717 629
240340901 130
509523771 825
515709892 683
50482346 623
415840821 51
852557889 157
804846129 690
85465635 799
515752805 856
14804518 894
242915440 420
606781013 388
540473704 838
770546543 921
399110230 766
898404197 777
685223349 98
716113376 532
791673079 564
335259832 277
586488064 210
651395198 692
773374633 173
390472947 388
746249022 2
455202191 45
704716032 140
73657339 3
178591653 215
450662039 677
81503955 639
231353589 551
146786472 807
904023131 112
453658677 563
276915782 885
167992318 54
611767522 292
440658556 580
699268498 226
372705435 866
543875438 190
767846972 601
339061696 667
392205492 47
181821574 450
729040203 461
935019764 989
163001790 426
970767855 110
704694974 14
425824402 614
959842415 248
758629037 910
323955946 281
728473409 17
415684795 687
740623621 696
454244195 731
391089380 629
767537111 683
138712189 688
777806591 560
651594402 565
910950456 833
730495449 772
608936403 959
767529694 72
799163796 647
346394911 289
233435955 267
954123070 442
578298590 761
76393363 683
801226677 554
298720424 416
818099277 812
100 1000000000
492558779 368
618623790 937
335484735 375
745123157 182
191449947 892
149578931 389
733450857 932
201514155 843
125927288 109
623622296 699
714943179 628
278172229 905
733993560 447
86477427 983
320300618 188
754011990 299
323643776 96
439760664 39
552893963 41
650128981 472
833434548 765
660070558 432
503542388 376
622358774 229
278896377 186
718272088 799
149313319 623
273863726 925
489611413 805
485684443 33
165665548 201
572780595 607
247897356 946
122370046 290
399337031 733
785020536 272
45561892 783
456898260 305
272183869 214
72878004 667
164740833 345
569864627 65
537158035 747
477176795 319
718655881 316
52262447 752
914208302 944
663805987 73
580082592 894
282655006 115
994153266 258
309916927 972
149420011 963
366314645 303
176038662 414
252168742 847
176082032 193
36243433 336
37459278 857
684133516 479
658910836 396
78520238 164
638248174 48
747913318 79
573533819 274
377918906 673
322706957 56
949910825 486
355960906 248
847024418 170
438820366 470
686709130 737
898762471 354
299878459 796
416112024 551
953121151 763
39451798 550
461346969 174
755264654 481
483368508 531
465231069 384
234112274 300
211761686 359
738225718 501
283084928 326
172235706 914
925237397 152
359103778 671
673799045 452
953581031 718
987406769 367
620287990 549
768927536 136
108568622 557
92076621 499
245119718 500
620022278 639
590568036 372
421459087 888
958556007 954
100 1000000000
29133773 461
580966301 567
620509660 955
851448366 787
482036106 544
260950064 525
57461977 865
278168880 556
61020545 492
614664623 297
861036907 183
225232290 498
509420343 359
273835250 129
495050935 706
979221498 251
619678578 366
641470476 362
969179938 703
979212780 404
755876918 397
355678803 1
449615953 219
930280045 328
216119497 218
741552220 523
874573609 372
106688947 758
512037295 81
826767355 564
416711630 349
155724593 74
490459310 88
177486918 890
189824423 420
9920926 850
899060426 235
63315858 82
294659928 711
180358894 26
842295880 904
844524915 737
87218373 994
405452374 167
192486574 644
342199487 940
45179669 49
43337803 830
144787136 203
390925195 664
48030379 595
837260419 13
318044804 810
65307947 161
734592814 132
937110513 944
57585983 792
513324086 77
163860865 913
518179532 77
621842804 888
67935870 65
777595339 479
596134537 944
352060651 303
974008091 946
317837167 611
74120155 238
8061606 835
140483168 141
228360979 746
942716600 892
500353261 49
362953699 462
297162397 762
229090390 904
565546818 341
474523257 804
228401456 910
329868585 262
803661932 309
695363127 274
228114226 764
96538854 412
967451248 293
823512177 614
21516872 770
78060675 206
391484050 763
899810237 749
781835607 268
28548659 697
509517143 171
925628399 603
336385156 486
174204269 226
792334469 700
899016733 735
674223924 911
77996773 199
100 1000000000
900321568 584
567444636 668
10261004 291
491715728 796
94901614 270
716537601 424
585911537 719
468681124 975
958015219 243
175458848 16
365659400 288
166784660 731
254043765 92
754848271 529
110616245 99
682044695 96
150908920 997
146986019 360
977891743 893
248957473 568
160179906 211
589859569 593
180203690 139
958301159 122
470301015 612
524521037 947
711712250 506
281360863 290
825788284 221
217357645 25
611242230 976
37849788 605
309833271 650
730036805 625
307597890 192
116963957 825
812261324 705
434694348 728
684446658 713
928114750 634
297767361 15
122108853 730
6942364 750
300223116 893
997420250 744
820864789 926
571735350 942
465963285 536
659447069 9
902536259 15
793780019 509
468125900 391
954287566 64
836153298 499
232467834 920
354777576 816
55719283 666
991900568 303
108083758 795
512168925 230
965486544 203
173984937 976
96424629 13
10662240 640
695737323 817
639079259 762
441321396 659
935085159 571
128253960 297
424265027 596
188235024 496
491934757 970
85122988 927
499253558 137
495202286 986
957341969 533
765467549 584
724083016 471
279906483 366
155173087 190
777644512 331
117145807 691
190430980 42
25102980 508
456969144 67
411999328 602
924993478 193
144499766 291
510349741 469
211995087 272
764701982 426
167376745 928
453724033 287
252367922 915
553387633 968
818305745 177
108738108 301
218906590 665
611360356 170
563596901 386
100 1000000000
149454880 93
233326184 29
21731547 156
619346266 368
761212084 868
647621284 389
684533501 91
971552291 921
96018109 558
188498600 869
891829038 435
891314295 113
387154495 969
540384713 500
519286546 107
255169354 149
98230399 322
942040731 381
623833488 464
19168977 354
78430723 517
999407860 782
250021579 325
97737857 814
750008976 615
659461609 340
84973610 24
947095312 86
217807145 622
382273486 300
449376848 486
305507441 973
195186198 367
450300985 555
947450148 213
563458011 970
587947737 718
903191039 429
205491145 672
276526530 426
226590265 745
710786357 641
395225765 670
984031196 568
21140539 173
829894447 10
881188190 514
833287452 475
593230883 958
41044611 590
585924823 947
767880633 975
650625143 753
968546054 754
240181046 437
223626535 50
355302651 949
969458124 378
32649184 117
55354395 832
950921908 788
613853995 885
308804474 848
37707402 590
442774504 926
197967544 782
519745513 635
814963626 138
396331547 110
766107463 755
853658194 355
938927086 64
983398931 81
829869295 89
288301850 909
896386317 229
733086164 29
639849730 589
600803302 6
878245371 638
442317476 895
107396632 43
776683930 172
872674030 753
199282951 371
172853252 90
553237597 410
823569753 130
726637251 591
557542876 765
344871315 350
679543795 47
653436636 352
989413365 778
414181345 198
464856752 884
611085207 18
182756835 894
438735147 838
171640517 70
