5
100 1000000000
60527979 978
932270982 15
175211918 619
388121406 846
502703096 919
337957846 15
173892094 33
665483322 32
816974280 466
514120557 516
459923152 686
960984836 9
796905062 775
293415848 787
436766766 89
633704856 799
240498335 932
760915236 673
675126662 126
521221939 974
202317953 222
98508734 795
609340805 98
15991379 564
881059673 946
725993107 110
20966424 690
950097588 781
361153459 404
608299519 958
571337837 180
186858835 583
987674973 754
980648352 98
660022511 507
622024301 750
237309795 569
497272403 598
424119629 70
285438848 736
166878739 957
928347701 390
926017651 161
626742088 912
559745786 732
383659683 721
562432653 666
153557955 926
549118180 667
709794874 82
281332490 44
301420589 829
789471199 799
646777046 256
520570518 974
301709571 178
550447927 76
804635029 158
475303198 212
109103107 691
90396026 504
165438164 363
783097295 619
911956520 900
765851252 23
146566704 890
246738710 785
626115506 587
18109235 640
48863878 713
621271200 241
436066331 116
193019908 470
423486962 733
287472475 554
507040802 893
903105139 494
23829459 468
173314418 232
43176387 490
793236814 271
680161476 857
108984915 48
663480891 576
422256801 644
428960931 226
895677612 639
559644168 989
706923450 347
722356877 892
460508776 867
923571942 821
554087718 888
789335263 108
163253430 568
253908435 702
447439025 42
88339253 799
736064514 363
793201419 197
100 1000000000
656632168 532
241363565 242
259547641 369
674850315 77
138521498 723
816805 818
517506951 375
396367248 214
911905490 462
174339896 276
818298075 219
624107416 658
115325917 552
412299459 356
410507106 617
156612959 440
104464585 702
338702117 905
406511047 462
421121891 725
999370978 815
876640633 119
222908920 655
4673887 429
337550007 310
387597854 50
222070050 881
35174994 101
616438290 409
335633071 17
685531059 474
849350265 675
381298179 389
997248010 431
676958550 886
716869968 812
589337300 278
285570124 595
594558713 458
457099668 948
239326741 666
57245393 776
832958154 707
185952066 312
687763601 125
663309880 861
593402933 886
19365784 758
909323861 334
225136732 405
830795751 209
925080850 978
683078832 8
348526171 526
338492364 256
487477613 138
562968108 265
214683282 774
415518995 1000
697314727 210
915613849 157
925688990 496
166839848 118
360569852 975
417283330 858
789180251 690
590619832 15
720318441 591
996879284 949
619027688 81
161098160 657
457713196 127
467640893 59
937684128 138
387349310 392
152267457 931
979659114 328
163017505 346
947474125 633
310884581 272
241809223 250
247704648 734
159289099 433
759907094 932
646442274 302
631334706 947
864637414 262
738585872 171
369842567 680
84496955 342
901736073 491
211083216 147
731535940 39
744574210 172
61926243 175
279536532 88
494704230 157
291911778 162
504283680 630
314712536 648
100 1000000000
128343097 482
353962617 924
648860588 13
472883545 535
955046218 337
456092836 273
812195894 682
7235093 466
22790248 168
32044927 517
821266730 289
252163400 399
583933342 308
464167657 844
353124149 830
625775471 667
502437945 513
540767741 69
306563140 584
821524040 66
202014919 253
126229273 683
992233861 956
69997775 577
267979029 613
239336410 581
440363363 453
931628353 614
619517999 373
343595805 214
414467468 786
810477852 853
529084002 412
886481663 933
745741037 583
686019356 508
67846973 748
63469276 189
489408948 657
687240510 663
698629003 429
746757459 220
353807181 69
558259904 300
191838041 418
445741119 511
683555940 993
409589790 167
845523445 617
666738878 292
674158824 40
414370581 717
574048748 535
531154733 30
489254405 577
654184610 644
556055818 112
464289064 707
829818408 728
236560643 977
455445085 50
666979214 512
542189821 259
786966965 807
109128753 786
408230522 218
897334131 765
230071155 814
155942420 925
54100810 438
685363639 989
828116028 953
595100883 543
646828187 793
156011316 535
454454604 613
917908602 198
459565642 416
185299608 440
918225185 488
753177174 366
5074803 239
957916624 853
86238583 414
243157238 718
419048053 213
757042698 956
104326475 932
356784676 73
422264043 398
268363185 161
980348635 72
414556400 476
171491251 126
274701940 160
989001634 335
234650021 430
122623210 684
153768254 521
959937632 813
100 1000000000
225198032 522
91205101 220
835799614 806
755692815 983
207751232 790
656429912 210
541976800 493
277825774 579
301360895 182
625571594 597
991757777 908
374042745 717
381448029 832
114379806 904
261695230 575
677692270 875
240425444 169
324660978 401
947732884 547
372466889 833
931989604 630
956634915 166
70855168 350
36943047 381
884934120 163
439720334 890
611294191 203
352069861 123
549193405 830
470996559 43
410923086 553
503269857 281
173256818 356
854313157 839
498715467 860
852660663 843
95990737 361
31034251 273
611419729 769
108950437 78
715449066 972
676834943 583
907975695 845
977300518 304
598162696 447
576905406 198
612783728 654
563671802 190
932158648 594
230450852 107
863513763 696
212562203 172
600686024 312
587606992 115
945131796 856
388908232 439
292020037 111
213890845 819
296059760 611
355628925 893
910889851 628
319600809 64
782427299 782
417335799 338
492036600 11
885484497 302
155394780 759
270722100 276
215929224 554
23757618 220
730126215 594
78511984 975
299271737 582
731983529 238
335803218 316
141345833 408
928288600 835
506115410 561
949441064 650
734423579 525
452132209 552
780684683 313
758892855 249
683527747 147
996867666 552
909203186 381
874376940 143
14926558 310
924361479 432
381896290 936
363117301 560
838307178 875
458322910 678
936594936 385
730296893 129
645371043 512
93475939 631
275854099 147
476343539 487
101013638 385
100 1000000000
500243300 184
511656014 957
962202243 871
413585489 820
323125486 941
157094280 298
180981145 503
635923072 901
175978061 949
771953116 600
917403172 283
956883664 898
472491535 690
940872616 597
425526608 416
640233535 951
459579904 796
20007560 84
112810890 891
756214537 417
161272110 406
480345435 43
534215807 9
895333548 687
97624550 486
552332348 855
167572764 432
319111139 459
97003444 89
891786890 829
134366607 860
877151917 564
251262309 307
68504800 506
246520131 922
889469511 446
381520647 762
206432028 67
550232294 231
437020460 551
150898151 195
718401626 629
426268774 521
516957979 675
815871122 594
831932665 701
230086894 195
274827025 624
935487188 653
705637012 16
837860589 172
427579209 58
768895418 665
989119497 482
284601871 136
440061250 663
278781330 635
596678517 978
994505536 372
578512313 251
394961385 471
82512949 316
344384175 846
305463465 732
356578699 155
809239270 461
163099592 882
696102225 430
693763718 539
149187941 609
112096056 228
880102958 486
524989990 70
144998094 7
155558124 388
680391931 234
16299257 399
168465791 202
825796113 812
928303287 374
634674892 59
14709013 945
171456789 338
649189278 752
961553067 193
829899373 991
155652515 196
119472942 580
307379940 284
176449956 738
919782569 118
805437475 104
474720003 674
30417942 880
531284053 5
746942586 184
20784086 808
419051617 836
254778386 550
134533489 474
