5
100 1000000000
439821122 721
575103776 552
397182241 728
671369129 300
671101114 159
485021595 601
543775412 712
97862587 944
530068501 326
832802166 682
227442378 957
365102935 146
207707170 183
564283282 862
867386707 495
949953661 914
47664116 91
649073425 52
291440769 370
234879853 441
222031067 274
77631827 127
397333701 332
256332970 889
139439720 750
963555322 919
96143056 968
509933811 931
320483948 824
437414118 796
239402386 966
82220362 287
766818040 184
54547513 385
819063868 15
237671152 398
470691422 393
471481938 974
466881601 717
585546598 554
672165677 370
641909205 51
871139664 552
74257005 60
806628920 156
113930656 187
795896154 857
859471877 292
23464079 730
639722198 54
944978578 105
85190257 187
884004227 371
707058392 604
387534182 226
159075376 172
228436133 410
39931717 552
576756362 28
802013701 413
974934470 405
955215873 914
177528045 224
474289903 825
451710712 88
58281770 939
405609921 383
95586864 561
83736714 331
296450851 731
464396919 771
852502857 613
246596879 894
210270861 445
70812863 820
853252091 407
475343191 179
93861959 305
188442762 83
859181639 135
894414962 314
793120116 728
25481739 162
818744942 919
933867956 718
402021749 803
575268273 336
236507376 567
990104747 334
279067114 659
29353518 360
765680272 153
807677225 132
287380660 824
825367666 483
444229709 877
192770368 625
231895541 613
807252911 528
577979242 837
100 1000000000
296217919 358
332637709 490
941674837 770
564842342 25
539445177 691
648790942 936
616827159 297
201085955 451
657410942 138
172053895 360
944847076 110
576979266 187
453475743 796
795306220 491
88030957 35
932784996 459
202167149 857
993205547 242
760707492 576
101585641 811
729822842 948
282152423 70
935108538 494
490798740 381
514360469 180
297132289 280
405932063 511
490702180 785
177592273 603
172932249 457
520335366 314
915023004 657
302774398 314
639719696 298
815769309 570
610182587 734
786353453 577
625034503 196
828358232 23
781631107 88
629136047 730
228323681 184
333374566 35
25276661 552
967284757 30
176125756 511
7871800 614
122274130 152
571685040 54
48893947 402
823988545 281
880146459 537
302424594 978
59727678 138
52139824 933
972711441 931
976506890 205
656419558 344
104548854 827
278776885 831
971353259 782
924144917 566
916072645 5
459605959 775
488901189 503
274715180 699
651964174 195
235683401 548
889950569 856
372608714 537
669720706 943
695731581 862
311888616 411
181715411 905
593063697 824
179228514 470
744730068 258
306560613 388
988289261 17
77158970 102
925065596 979
107017187 748
58181254 226
563455622 839
402992499 386
358624749 16
834337422 709
930586375 473
145252232 687
502471269 506
81255926 649
651705022 286
435195342 586
915093355 331
471979502 809
221873387 30
139337365 13
437550945 653
193179624 949
700082961 251
100 1000000000
752819310 536
872881382 7
295456661 247
858472687 709
411647019 190
978792670 795
557142245 238
299156104 677
208707803 262
165863527 979
8673802 789
765628955 646
973706193 770
634205412 510
62065012 637
671407658 670
296333981 491
415544822 422
622738390 621
390163318 641
220051215 33
156728701 429
248479774 920
994632448 349
293908794 111
545777562 354
295870336 294
991581705 246
540837743 860
542201518 39
765861739 696
842887185 242
900912701 625
463334235 550
876215697 272
98940123 189
444948086 305
766319234 742
234267106 790
513293414 78
699407660 435
565453123 866
782068880 363
782147317 622
838997423 954
292479231 649
782648332 112
520103687 391
48407952 972
659421527 902
209578246 615
980570462 113
349534368 5
191466029 464
454260336 896
382560507 846
362839792 380
439771554 562
87925627 180
595751199 478
519729873 484
539112981 75
924487063 188
454995275 347
355242196 572
125341737 598
687082614 842
880658751 654
97462219 981
658393279 546
268640776 918
900976894 335
67603142 90
231216375 10
997760639 17
494524615 671
521477397 114
172182578 669
663748684 261
214662941 856
80451147 447
939834898 710
115525664 346
153700543 11
306138681 834
849236599 661
609742571 593
337555119 848
691951342 323
330974594 818
584239070 107
101472814 208
219592380 181
219551125 792
463956076 690
543883965 941
955807797 199
161814352 903
615895620 581
900908061 120
100 1000000000
962507816 587
925697429 47
175956823 615
960293455 521
986531240 697
626376068 251
445137880 785
682398099 337
768001029 492
630532222 523
582451766 514
107832940 562
814989008 595
853954085 495
337234722 461
750387609 821
212571611 552
263755353 274
82396558 426
861609500 722
877702965 139
847314748 100
573729963 507
18714934 107
164862769 535
542544174 966
206309354 904
255003753 744
263412318 987
450332368 753
235891963 738
588496243 715
532356495 857
416451332 541
461853647 898
160700504 596
15500244 434
124171498 653
795002009 393
124496728 949
144385662 46
234102244 265
988653512 41
315839220 62
251050270 799
175021458 738
265728526 970
334881260 113
715998086 534
764246997 857
823509083 893
69717314 318
716593093 788
388462287 623
671302625 484
848424504 495
837558318 930
252273888 725
110143504 871
484651085 116
178558801 840
95181993 715
52816539 911
400576835 591
317574143 408
211460364 124
659915121 53
291056923 184
467059017 35
735828777 72
868651203 643
796929046 777
38766720 114
200864866 992
551070979 577
953443509 994
729794869 557
324519511 253
284208354 400
526308280 205
864247610 958
612454122 680
265478993 393
12740130 922
486912670 846
452772410 674
56360832 574
730044210 723
706238900 166
891975339 916
942229216 127
188835434 297
813138700 278
146287835 319
598655780 965
426483084 340
658456951 944
84232109 484
554059323 441
222238359 629
100 1000000000
880670214 485
18400322 773
800016982 77
310705101 398
883986443 182
704538617 401
296784360 657
525657518 296
993602837 92
416196726 762
930190240 598
637151997 98
310127351 199
790859671 145
85938799 318
405377722 448
417899457 777
206474623 231
79654791 105
49865765 841
982597060 891
425846926 661
456217177 96
719259841 271
639011729 973
221122918 612
3839638 636
5119053 242
109213689 26
646543591 150
181894190 151
810457803 307
779300365 225
657510963 642
43538771 169
110024316 884
985599263 988
505536170 682
222602869 715
809975265 710
613052094 907
442305005 327
369178182 798
340970427 889
213236413 401
555306974 34
699503543 188
922984715 199
886519596 405
170353821 685
891216376 341
332300050 504
975514204 25
851922571 847
84457083 634
123150160 77
885744862 869
262805066 266
620657905 300
192607624 865
839336323 12
244230330 288
847110986 845
309180345 250
813480797 717
819907837 96
412164536 493
359026725 172
769867707 362
545760883 132
388798635 813
425562445 749
15881264 756
582466750 62
591445718 31
499782642 632
952873100 731
227741117 413
790808871 11
10881301 38
450949344 898
28173716 947
293971666 826
389963255 655
342688125 560
805906081 186
881988422 45
474716697 549
817847028 687
558515591 321
74817589 150
75676475 577
17782295 783
625791783 635
812190607 708
593018208 738
723374069 947
317103264 63
295220614 363
836075719 28
