5
100 1000000000
114081562 569
512903866 985
914119860 645
99841043 859
249564541 104
632085343 379
58882921 95
120176444 153
243162722 891
561549182 553
845218500 35
914445226 578
468766175 783
425085308 937
592973945 902
706393953 324
559862601 249
97040126 840
612787581 910
508346279 100
241744181 518
907011817 947
185326597 567
641898752 510
252595575 66
641309025 536
581385095 246
629578546 296
425038629 651
411752909 930
907466934 48
417773377 502
105769620 614
128446673 264
273072521 523
703574899 854
114138456 216
740658769 942
654867764 363
885654347 885
472419911 486
505213812 112
666518573 46
666996113 207
908287862 773
139168925 757
174583847 944
415642696 658
938001466 393
714873715 729
48816153 870
868959925 250
978537255 136
917082841 657
959530551 990
16441182 949
346615827 39
10387190 50
528466422 139
199956999 135
9216018 11
595250477 953
12150284 421
596431798 342
282794363 857
969996836 883
154415724 198
860025519 831
149364193 21
808879040 262
307522637 789
973972088 214
859982361 534
142278951 157
149120547 790
494430677 25
47581242 271
163894460 550
763379619 742
230476491 292
140817303 550
760854565 87
382170050 171
414200480 365
295736006 792
80115271 83
549826230 225
208337880 441
128061851 514
835777351 17
448455155 662
902755897 996
616556333 80
785426058 245
782449198 502
929518280 347
378293199 400
375451829 532
173408604 502
213013960 477
100 1000000000
375995158 992
569136045 546
918769330 171
604577473 677
940368857 555
706830487 950
861371558 627
151028853 176
402916395 814
579833303 149
71396076 810
970042603 820
201690977 848
178312980 434
205746297 942
413989736 69
740061202 308
942676274 771
409871234 882
487082096 386
165307409 569
242953813 509
647308156 333
536732104 629
101236340 242
56923620 406
735018269 436
651262070 574
593522064 501
745390210 897
205396569 451
275663039 447
369474809 535
872125974 868
809355877 743
798462503 952
838145413 772
964498883 693
916933558 997
546354035 932
873721160 395
399401968 784
833790977 259
599760041 304
97062809 231
539198528 162
862532156 637
79958285 251
88822027 774
167618457 399
817181339 352
130179365 391
71513460 53
475961889 750
205978771 802
722786485 428
244821480 41
98155835 211
938802905 847
565271746 749
322059965 110
627633549 827
255240034 892
118450578 279
410775944 851
905474300 707
563565412 271
900791466 504
342830366 867
685998253 993
883375955 332
83493070 109
596327827 252
575489797 672
798778084 744
646381059 202
509801021 891
9912233 326
584393996 297
993176463 229
313354673 117
406521214 761
957073409 315
926812662 850
864575427 278
235657897 788
804037430 859
267811070 775
65886090 205
920445583 862
965808482 911
652135339 641
284078936 941
235355605 299
736808569 851
18986051 972
224161989 972
433447007 143
736851376 268
230677578 853
100 1000000000
522519716 695
686767444 89
677211517 776
389286021 179
573280523 938
796459800 509
861897108 795
296109818 185
689592655 844
594649423 32
341305065 394
574061806 404
218254852 448
654500064 663
771005875 251
422072549 674
385197312 660
145097710 480
938913639 658
958802596 216
648152920 109
42003936 174
799692984 692
64491313 634
614805856 416
147186009 831
6153117 943
461600464 469
167190191 154
300615744 56
117256010 711
320006919 336
272741399 543
450252216 679
301657652 257
806828186 870
676825008 158
618912295 296
829382160 115
44379023 596
700186317 146
89181490 703
210330580 145
6034730 240
781124100 489
139217343 787
731997619 528
335650288 719
251292458 136
797328369 512
595254564 189
841737639 317
830052691 963
997001518 899
684107483 318
961193300 856
759558357 945
415254043 824
641000142 440
659974458 684
143823173 405
266022557 446
11817008 334
272766689 183
306388344 165
842452953 786
181863800 215
91054860 390
38982018 230
262685748 951
997142106 335
268805056 13
394881209 741
225669971 931
574668747 308
679818819 25
420013489 838
444608026 27
142197760 378
66390297 225
407725121 720
314786480 397
832943215 838
370905607 607
223895932 142
574392441 108
757409740 38
570783763 467
322085303 678
944717849 47
900114955 349
77372802 152
319595657 885
267610999 649
507986020 27
803799000 739
381998277 160
346229687 633
223247177 130
841878490 131
100 1000000000
404850305 755
319998269 579
661338224 425
459861390 762
470343953 605
596322224 188
203074767 76
381937720 288
939673867 609
780717043 961
468113050 825
286333534 407
98786884 869
33719852 383
972582726 52
528115652 359
329941969 342
352592833 251
67317129 10
645719408 611
968640518 49
178186069 930
666539350 368
560295334 640
594534521 714
795111118 937
361133028 604
717746156 661
417822719 144
429668178 166
60860839 26
968689926 148
36680364 62
683622212 540
130024532 232
28548857 349
84752855 210
217308746 818
388649696 825
289786123 627
428098066 225
791369545 435
219074433 941
654377921 523
903937845 447
922880614 982
358864811 70
516156127 139
204870227 475
3075846 903
638280211 283
221839722 760
392308674 968
339060686 835
247730350 304
718006184 62
383096599 556
290656931 630
484035761 322
463930141 43
446227750 52
20506281 367
468429970 551
383817871 35
143111685 101
982146631 650
19211269 859
16424450 580
863413001 516
183058721 629
712208895 692
370121915 875
73228998 133
669746204 43
766338741 942
765541184 284
531301139 86
288147804 946
913942940 446
463417174 669
126619907 365
739190856 343
477097834 945
782144001 594
536766187 845
701374339 160
383568915 197
295418758 137
488116321 499
402054388 600
816308428 182
99172203 14
167954490 582
355980734 446
467014666 993
767403636 359
518405259 257
332801608 926
781518210 100
343463079 681
100 1000000000
556064424 379
230177333 76
197640234 691
207824712 976
444847400 719
811791467 207
677428790 811
860102365 178
960970717 43
765473040 923
942977307 426
462644522 491
147763167 411
491103623 885
891575182 620
170521908 49
230994817 758
247717494 82
191722884 23
198292802 481
98889305 783
666315714 791
673185843 182
543186134 47
590464316 165
594946192 370
545139215 944
691126967 536
681232446 451
106332997 62
229421773 42
743763689 858
12371125 439
246517126 265
105398626 927
625546418 922
29869366 509
509673016 1
894973444 494
37705878 677
780238741 836
20984192 513
312087590 564
754917467 295
465377512 15
833970883 584
873952895 476
11333893 477
132519300 348
930037925 250
89796355 805
87277786 437
887165694 872
154917133 211
179279591 836
656495966 980
347484202 808
928931615 362
396553377 332
806702935 670
988743966 449
405947712 747
939772389 844
163154121 769
270382894 576
830576404 435
806453671 913
167175417 721
256037105 481
387044226 359
665501215 398
676054637 908
506772538 250
19935405 924
877590207 674
614140649 135
154288158 64
287016444 112
905564733 913
683393907 110
972256500 328
776797202 846
566229647 801
835769935 559
723823183 119
781912789 380
758067433 86
270151939 30
888122629 385
500389739 608
934885312 885
786106963 457
560844587 188
776455223 389
943354057 708
734061125 485
985772565 86
510122207 290
775854330 367
537617949 582
