1000
37 9 34
13 24 46
46 14 47
42 12 23
29 41 39
41 12 2
28 31 46
10 36 2
8 29 40
23 4 31
5 30 17
50 0 8
38 8 15
14 18 44
25 18 7
35 35 33
49 42 29
40 33 39
0 47 1
30 11 25
14 42 22
40 15 3
14 38 44
5 44 43
11 6 10
50 6 45
47 50 11
27 16 17
46 47 38
33 13 2
21 20 39
6 23 41
7 47 14
35 38 45
41 34 8
39 33 28
16 48 18
33 20 4
41 17 7
26 25 33
6 33 50
32 44 25
18 25 0
8 35 27
6 17 6
41 50 23
41 27 29
25 18 0
1 27 47
48 27 4
36 7 21
13 24 39
28 6 36
35 24 0
42 6 43
32 25 38
50 16 0
1 26 8
30 1 19
22 18 18
48 32 38
36 23 19
48 38 10
29 46 27
22 48 9
9 15 28
9 34 4
41 31 50
23 15 29
8 30 32
26 15 40
12 49 18
25 18 8
21 14 34
25 25 20
50 16 26
39 26 36
39 27 27
6 17 17
44 21 19
15 32 17
23 36 27
31 48 19
15 42 1
24 25 22
2 21 50
10 9 47
1 1 13
4 39 45
4 18 2
10 19 12
42 27 43
2 32 12
21 11 38
11 10 47
22 13 39
38 15 42
2 22 1
39 43 29
46 26 8
3 35 31
40 32 4
18 9 23
40 50 20
48 50 5
48 30 20
3 23 50
18 14 10
38 25 45
25 46 23
1 32 22
30 50 47
16 33 35
15 28 9
29 45 47
26 0 28
1 11 19
38 47 47
7 40 48
33 30 46
7 33 10
41 5 0
49 35 8
28 45 35
17 33 16
26 27 25
25 46 10
30 18 5
49 21 44
1 17 36
13 37 0
34 7 19
10 23 14
39 41 8
5 48 17
0 14 42
29 4 13
42 30 3
1 45 40
33 15 23
46 44 24
17 29 27
48 35 44
43 16 4
41 1 38
17 31 36
48 1 10
24 49 46
45 0 30
38 26 34
47 8 41
45 43 24
4 24 16
30 11 23
48 20 33
23 3 27
32 28 40
42 26 8
9 35 30
9 26 1
3 16 1
13 2 35
40 29 15
12 37 21
39 22 22
19 6 18
24 24 8
39 8 8
29 35 1
43 14 47
8 30 3
43 9 14
27 43 23
14 10 6
6 10 6
28 7 27
10 17 41
21 12 9
4 4 36
24 13 16
39 30 21
43 47 11
22 6 15
41 48 49
49 0 39
45 27 45
24 30 28
44 14 20
13 33 22
31 39 28
35 10 26
45 6 40
9 24 10
1 35 30
46 49 50
36 48 11
22 36 22
27 7 38
16 0 5
3 14 17
40 2 32
40 36 6
11 43 33
38 13 5
10 49 45
24 32 33
42 37 12
30 18 40
29 16 48
46 0 48
29 4 47
34 22 31
24 42 3
10 0 48
32 31 29
12 19 22
42 32 0
20 7 28
30 30 22
43 48 27
1 13 36
49 43 23
12 10 3
28 22 34
41 22 29
32 16 8
47 33 18
32 33 49
32 18 36
42 19 21
34 44 50
14 44 39
49 23 33
21 14 0
19 29 38
1 40 20
31 31 31
26 25 12
10 8 26
16 32 32
34 31 13
10 17 48
38 37 0
40 22 33
33 27 2
36 22 47
37 12 28
6 34 15
26 24 23
20 9 46
14 3 28
0 10 42
41 37 44
8 7 4
47 25 44
12 23 24
22 22 50
0 11 16
20 35 40
14 11 40
1 24 0
49 32 40
46 10 0
35 21 49
33 13 36
24 39 7
38 8 14
5 19 48
39 17 28
41 45 28
40 48 41
23 43 40
13 47 2
45 44 23
40 9 42
6 29 34
32 38 21
6 31 16
25 34 41
43 44 23
43 50 5
16 41 13
15 38 23
27 6 17
46 9 47
24 3 4
43 29 38
28 50 5
12 31 38
50 28 10
32 47 15
44 0 40
28 14 38
23 16 13
22 44 2
12 9 32
11 50 3
22 6 43
2 24 21
23 24 25
28 47 39
27 35 7
23 36 31
38 0 10
19 20 33
48 47 15
33 37 4
41 3 4
33 24 23
19 20 45
12 35 36
47 0 5
43 44 30
41 33 10
5 47 29
35 21 45
38 23 49
20 37 28
47 39 35
20 41 36
15 4 17
15 3 14
46 13 46
32 19 43
3 10 23
42 20 47
2 2 7
1 50 14
21 30 41
16 48 9
17 22 18
35 8 36
33 35 19
13 28 38
9 43 24
7 47 47
42 34 2
16 40 11
32 20 34
12 32 17
36 22 9
24 39 32
10 23 50
27 25 43
43 21 8
2 43 2
37 46 45
31 10 44
28 0 37
25 31 20
9 50 34
11 21 5
28 11 43
20 16 30
15 1 29
32 24 47
17 11 44
31 6 23
46 19 43
18 31 34
42 46 27
24 12 32
7 7 47
9 18 26
39 44 37
33 44 34
22 10 19
43 34 29
16 4 17
43 6 38
8 43 41
23 21 2
35 38 41
13 25 4
21 45 32
19 38 38
39 7 30
8 49 14
19 30 29
32 4 37
14 49 32
14 5 28
17 43 34
22 49 36
15 28 32
35 10 47
29 3 40
14 23 35
46 25 10
14 47 50
35 33 30
2 35 11
25 20 12
48 35 10
25 18 41
21 10 39
24 9 48
0 0 17
1 0 23
25 21 7
10 5 0
20 37 50
11 7 23
45 49 35
19 29 45
46 16 40
17 30 12
1 12 5
45 21 6
1 39 2
39 24 42
8 36 50
28 26 6
36 2 15
23 47 29
16 41 1
50 43 16
1 42 22
41 30 38
16 32 0
34 32 20
43 21 13
42 46 16
15 0 13
33 33 27
19 22 0
12 36 7
38 9 23
5 30 1
0 38 27
13 50 27
25 15 25
15 34 16
36 11 34
38 24 25
30 26 20
45 7 35
48 25 6
48 48 6
6 18 10
9 17 21
9 35 2
10 36 49
22 29 43
17 6 42
3 17 47
9 45 40
35 3 2
39 33 34
2 21 13
24 37 8
50 37 42
32 35 32
44 16 40
40 38 23
2 28 44
31 12 20
2 35 8
11 8 2
3 43 29
16 24 12
20 29 35
31 38 5
20 4 7
14 25 16
43 44 8
22 34 18
47 28 43
20 22 26
26 11 9
31 44 24
45 1 0
8 26 35
17 30 19
20 47 19
3 16 20
5 3 24
0 34 17
29 21 9
17 2 46
9 40 7
39 26 25
49 36 36
48 49 50
34 41 28
0 27 42
7 9 22
35 6 37
19 21 40
31 19 24
7 40 14
20 21 28
15 28 26
46 40 40
30 16 35
42 20 45
25 47 20
7 28 38
38 12 31
48 18 48
16 25 11
36 23 23
45 8 37
23 48 26
38 16 11
46 24 21
13 37 18
25 35 16
19 0 26
32 47 15
16 16 17
32 27 20
0 18 31
26 44 39
35 44 36
28 30 8
6 38 9
45 28 8
6 16 23
14 30 9
32 43 46
46 23 32
13 49 9
34 0 20
49 1 1
19 40 47
28 38 4
17 25 33
47 10 24
43 8 2
49 21 41
1 18 24
43 12 28
49 0 36
12 22 17
18 31 39
19 27 23
48 7 27
40 48 43
23 37 3
44 18 43
0 44 49
6 32 8
12 19 5
25 15 48
22 26 10
29 15 3
2 49 32
13 20 31
47 45 39
19 15 48
46 32 49
28 21 14
42 7 38
40 3 33
8 37 21
5 30 19
44 13 4
2 46 39
5 17 13
17 27 5
29 44 20
5 31 35
26 26 17
38 47 31
12 28 25
26 41 1
1 41 24
11 24 37
17 4 50
47 9 9
20 24 40
0 45 14
21 8 21
31 34 19
36 8 1
6 29 49
39 30 8
16 28 22
11 8 26
25 3 13
45 37 6
45 41 23
7 3 23
38 47 34
26 6 4
1 14 43
48 22 26
7 47 45
9 36 40
38 12 10
6 3 19
47 26 0
24 19 26
8 16 18
20 47 32
20 25 27
7 12 24
22 49 15
42 41 10
20 31 22
49 18 38
19 6 38
0 13 48
48 49 44
22 9 26
12 0 30
35 21 48
6 9 1
11 42 49
25 2 42
7 2 47
19 9 24
30 7 44
42 16 39
6 31 29
34 21 10
48 5 30
44 2 26
6 1 35
31 23 5
43 1 34
21 48 36
38 41 38
12 30 35
25 40 7
33 5 18
20 33 1
28 2 46
38 14 43
19 7 45
11 42 13
32 7 13
33 16 13
42 14 9
11 17 42
24 48 40
7 31 7
16 42 19
42 6 25
17 3 28
22 44 19
20 28 21
32 15 17
41 47 40
47 19 0
39 12 13
17 18 26
19 10 21
40 35 40
8 32 21
27 1 36
13 24 39
2 6 0
17 2 33
40 1 12
34 6 40
44 35 3
10 17 21
24 49 9
7 20 1
9 33 10
1 2 29
11 33 40
3 1 24
4 29 24
36 18 17
23 40 3
26 32 39
0 21 48
47 25 26
18 30 22
26 2 12
0 26 30
4 10 32
48 33 22
44 1 20
5 24 8
45 1 8
25 28 33
30 26 27
46 33 19
35 49 9
40 17 7
27 37 31
5 45 40
22 49 8
5 22 13
19 29 37
2 20 23
43 46 41
38 36 45
9 11 21
28 36 9
46 28 40
38 7 35
8 24 19
32 31 10
16 25 2
27 28 14
40 41 41
2 36 33
5 39 23
35 20 14
4 23 12
44 30 50
2 48 25
10 31 48
37 40 17
49 12 35
43 19 1
22 34 0
15 10 49
37 25 35
25 41 14
6 28 24
34 19 0
36 20 34
45 40 42
1 5 50
20 22 21
47 22 27
48 14 25
32 39 30
15 43 5
40 27 43
45 12 13
37 21 49
48 7 46
43 31 34
4 16 50
24 46 15
22 8 20
11 28 26
41 29 21
3 41 13
2 30 35
48 6 10
7 31 4
22 8 4
50 35 17
7 48 7
11 18 48
41 48 34
32 4 32
36 32 42
41 41 27
31 3 19
21 36 5
21 11 21
27 16 43
15 35 1
49 4 4
33 43 39
29 22 2
5 22 50
35 16 18
18 41 15
43 45 23
17 32 32
46 49 40
29 2 47
45 35 6
13 41 13
24 19 13
42 35 29
9 28 43
9 24 25
50 50 38
15 44 22
21 12 29
47 24 48
1 44 45
41 45 2
9 40 17
7 12 15
0 30 14
21 34 20
30 49 36
5 16 15
4 14 13
12 29 39
13 28 24
6 42 19
1 22 19
24 24 38
35 7 3
5 15 31
23 31 50
39 17 37
0 44 11
21 0 30
5 9 48
13 16 36
2 18 20
22 37 46
43 19 9
0 41 15
34 48 41
21 40 50
41 43 35
4 40 3
34 45 49
35 27 15
26 14 13
38 31 14
35 17 1
2 38 17
23 10 28
32 37 23
4 26 47
15 17 44
20 8 11
49 46 18
8 14 15
39 25 26
47 15 47
37 30 36
47 31 24
18 29 33
49 13 3
11 11 41
42 42 11
32 15 44
48 6 16
38 40 8
17 45 41
26 32 46
46 11 10
49 34 1
36 27 20
38 35 46
22 21 12
46 18 33
11 31 47
16 50 30
25 17 8
6 9 43
43 26 3
37 35 15
48 39 9
14 4 47
14 34 48
33 5 2
7 29 30
25 41 17
33 1 28
36 9 17
45 43 21
14 45 27
22 30 33
16 6 31
44 44 48
34 10 50
50 41 12
50 29 35
18 37 9
45 30 42
17 13 49
22 31 31
37 47 39
39 33 46
6 35 38
16 38 39
18 8 30
27 8 0
32 5 32
10 8 5
37 9 37
39 18 43
21 21 12
30 43 34
17 48 36
15 38 22
29 24 19
34 30 10
31 46 28
38 0 25
20 22 31
30 33 34
40 48 37
15 14 30
44 18 45
3 9 30
47 29 27
41 49 32
38 36 15
13 24 4
45 5 4
3 36 10
37 15 40
4 1 21
26 47 15
12 8 1
14 28 30
45 15 33
24 29 43
25 28 15
11 19 22
46 4 12
30 14 44
22 23 8
19 16 8
23 38 27
11 27 15
37 7 12
4 33 30
0 18 37
38 40 26
46 4 4
10 27 25
15 30 24
1 1 35
15 37 3
28 16 15
21 26 6
38 32 15
49 41 29
26 6 17
37 4 30
30 6 18
30 39 0
5 40 23
5 1 19
0 15 22
4 41 33
0 20 9
42 39 21
1 43 7
4 26 43
4 40 29
43 6 17
16 44 47
12 14 18
37 16 50
22 34 6
18 16 19
44 38 1
30 49 43
4 26 11
38 5 23
0 24 39
2 23 36
14 19 50
44 1 16
28 45 43
35 19 5
43 42 2
10 14 12
29 35 48
50 4 1
24 9 4
48 42 47
18 44 16
43 0 37
35 19 41
31 5 21
24 1 38
29 23 32
18 0 43
29 49 5
34 25 31
15 16 44
48 23 10
25 9 19
27 14 33
16 10 22
20 28 15
48 6 10
36 47 26
22 47 17
18 49 14
45 25 22
50 0 7
43 17 49
5 46 17
47 20 1
16 21 12
38 47 36
4 20 13
1 1 27
29 34 28
25 33 5
40 11 24
48 13 24
3 47 15
30 49 38
29 8 0
12 25 32
19 38 32
20 35 14
6 47 4
34 50 9
21 32 10
37 15 15
42 48 35
6 14 8
11 37 22
41 32 43
4 8 37
