1000
46 14 4
11 23 57
35 44 7
9 12 49
36 21 39
4 56 46
17 50 49
35 18 1
34 60 26
28 18 57
2 51 28
33 32 1
30 11 17
17 23 4
6 25 55
37 30 60
51 12 14
28 8 22
29 49 9
30 60 52
24 35 43
52 1 38
15 25 12
60 56 31
32 37 36
55 0 0
38 2 39
22 5 36
50 6 13
59 4 43
38 1 26
37 46 52
12 56 29
32 20 35
33 29 26
52 35 23
5 56 41
17 43 59
55 56 60
32 26 42
17 53 30
24 31 16
37 30 43
46 8 47
54 1 40
52 36 33
52 36 34
27 34 4
11 17 43
37 48 20
25 36 27
42 4 1
50 56 43
11 53 14
31 25 21
9 8 46
46 57 4
36 12 40
9 6 27
34 42 16
5 21 10
18 47 37
44 35 52
29 45 23
33 41 41
51 54 38
1 39 42
0 56 37
17 18 45
57 37 42
53 58 40
16 60 12
6 21 58
52 54 11
7 20 48
30 43 43
17 28 14
6 19 13
47 10 1
49 12 39
19 7 23
11 53 1
13 17 18
28 7 15
54 36 31
13 60 0
36 54 39
38 32 58
37 20 48
22 1 27
58 24 30
28 40 19
10 26 25
57 60 5
2 38 17
40 38 55
22 36 35
20 52 47
32 11 13
40 34 0
44 5 6
29 31 49
24 20 59
48 32 17
22 48 32
5 43 39
33 11 23
0 13 33
31 26 44
26 24 59
31 33 45
23 40 1
30 10 49
41 13 43
29 13 11
37 57 47
19 8 55
49 40 48
52 53 5
11 8 55
5 1 8
34 53 38
28 44 13
44 25 24
55 37 43
57 39 17
5 27 40
3 35 22
5 6 0
35 44 37
12 50 4
0 13 13
8 33 34
34 37 54
59 39 5
2 35 45
6 49 6
53 16 20
30 23 55
54 44 55
15 7 59
51 40 20
19 24 59
60 3 0
28 39 30
30 38 30
19 6 22
54 24 49
36 35 13
43 17 21
42 44 28
32 35 50
36 14 23
27 11 0
25 7 45
34 18 7
16 21 4
5 0 14
51 32 3
17 50 46
27 8 19
30 57 38
19 38 24
0 55 46
17 13 28
13 1 5
3 28 31
24 41 53
55 12 14
12 60 5
57 38 17
58 14 3
51 43 16
8 52 24
4 20 41
16 35 43
54 48 40
49 12 7
26 7 28
5 16 34
9 14 10
8 23 51
4 47 45
59 44 1
55 21 8
1 43 41
38 10 54
25 16 42
58 39 44
23 3 43
58 32 21
47 8 50
59 58 40
1 20 31
16 7 39
5 2 17
39 9 36
41 16 8
17 35 20
56 46 42
34 36 52
35 52 56
54 31 11
14 28 8
38 23 8
41 32 52
18 59 60
35 3 29
18 51 19
6 37 52
26 46 12
32 12 0
24 9 13
38 27 16
29 56 19
32 6 60
58 50 4
12 21 8
39 41 37
60 23 38
53 23 56
21 54 21
17 46 6
55 24 23
22 41 36
29 3 30
27 28 35
41 0 2
37 53 54
28 45 14
24 28 15
45 53 14
45 48 36
32 4 2
51 29 31
6 22 49
20 56 55
27 27 27
16 13 7
18 56 30
12 22 51
7 22 19
0 30 52
2 18 50
50 9 40
28 42 30
33 42 36
29 9 21
44 9 5
22 60 51
7 51 48
37 10 3
57 37 22
12 52 55
46 4 51
0 29 32
24 41 21
7 1 3
54 23 12
3 59 49
25 4 58
21 14 42
18 35 37
43 51 15
42 20 44
17 13 10
39 50 48
26 14 29
52 34 16
34 50 39
51 45 35
15 56 25
47 57 54
41 4 6
11 42 35
58 9 59
7 41 32
44 6 13
47 23 32
12 38 28
15 19 4
57 23 42
59 52 17
48 0 26
8 8 28
53 60 24
15 37 28
8 50 0
17 60 18
43 55 26
1 28 19
20 33 7
40 34 46
27 54 3
16 39 26
47 58 3
48 25 50
12 2 29
11 6 3
6 46 52
2 56 32
60 4 2
43 2 0
19 14 15
50 8 44
60 7 39
52 14 32
26 4 1
9 9 54
33 27 45
18 43 11
15 3 41
35 50 50
29 35 9
57 49 16
46 19 15
7 21 35
48 25 33
55 19 20
0 27 27
11 35 32
20 7 47
56 50 47
9 25 53
3 28 49
34 1 49
25 28 34
30 60 26
16 5 39
11 10 27
6 10 17
22 39 35
58 1 55
15 28 51
36 38 52
38 49 46
36 14 0
10 41 59
9 25 24
19 27 48
41 59 35
33 43 60
57 55 41
52 23 10
33 13 32
53 26 27
47 22 41
2 11 37
2 36 13
19 42 19
20 20 44
58 44 38
7 57 33
51 28 39
24 29 39
12 4 31
45 57 16
46 16 39
1 52 0
37 45 32
36 7 14
31 30 35
3 26 6
1 42 13
8 32 30
30 54 57
33 11 32
35 19 46
47 33 35
25 14 42
50 8 45
51 45 10
13 32 7
29 33 51
1 25 0
4 57 17
13 40 44
22 5 42
13 36 12
13 10 49
51 38 52
37 4 34
5 38 14
1 4 18
40 10 48
57 4 49
56 44 44
32 28 28
14 59 59
15 19 46
20 0 40
33 36 55
27 60 34
15 45 31
46 33 38
43 13 4
33 41 50
44 57 15
58 25 30
15 45 60
23 21 29
3 4 43
9 40 55
40 46 36
14 17 34
38 41 12
31 7 56
43 20 34
28 47 39
5 1 30
54 12 15
29 3 55
35 9 21
55 1 10
40 38 32
46 37 48
27 42 18
25 18 31
54 24 32
14 10 46
5 32 38
31 22 6
48 24 40
60 31 8
28 17 17
17 40 28
33 24 21
5 55 21
22 23 13
40 29 52
60 56 54
3 53 30
40 10 20
11 16 10
17 56 11
35 22 13
47 20 45
20 51 40
27 30 31
23 25 41
3 42 0
41 20 45
45 45 17
10 2 7
36 41 5
26 6 34
37 38 50
23 9 42
40 25 39
27 34 60
26 27 60
33 55 41
24 35 34
57 10 5
7 55 8
8 4 16
1 21 47
32 49 52
19 28 3
11 44 7
25 51 6
10 14 13
40 31 16
21 13 18
37 8 8
42 19 49
35 45 35
8 2 48
15 9 0
24 35 23
47 40 47
31 48 16
56 22 15
28 60 44
19 40 10
60 40 12
8 29 17
0 55 28
15 13 35
54 12 2
33 6 38
22 4 4
52 11 34
55 49 55
14 5 6
11 39 51
54 7 53
36 4 46
2 42 46
38 12 32
19 19 15
20 6 2
31 43 34
37 9 7
53 10 34
53 26 14
22 20 4
27 8 4
46 28 2
50 31 13
46 54 27
27 23 45
33 39 33
21 42 56
12 48 18
17 18 13
25 10 60
12 13 12
38 26 48
11 45 1
30 47 28
51 55 16
12 41 13
54 48 54
33 45 25
27 2 23
33 45 18
17 15 24
8 18 31
6 58 24
46 22 6
6 2 6
42 44 30
34 10 16
21 24 51
60 6 14
53 54 16
24 2 36
14 0 34
8 8 8
4 38 20
3 49 51
38 55 53
10 9 34
17 54 1
49 44 59
36 58 14
19 55 28
28 24 11
33 46 24
38 19 27
15 1 20
30 37 54
4 59 57
47 7 42
5 24 21
48 39 3
37 25 52
29 51 24
51 31 22
48 19 51
25 10 36
9 25 13
31 7 31
55 6 12
41 8 50
45 38 22
50 5 51
39 8 35
40 23 50
46 24 57
45 38 22
5 6 51
51 41 57
26 7 47
21 40 42
22 13 16
4 24 36
2 60 55
20 24 27
26 27 35
42 53 52
49 35 10
13 35 15
49 12 46
4 19 55
24 55 52
11 38 37
12 7 18
58 30 49
52 48 47
50 44 6
2 15 38
6 38 29
6 22 57
16 0 48
22 36 30
52 25 58
21 3 59
23 55 24
22 51 10
6 42 32
14 50 41
25 58 8
0 21 37
51 58 45
20 25 57
4 51 21
0 22 9
10 27 12
23 6 57
2 50 34
27 52 36
13 42 21
59 24 42
51 45 18
0 32 20
28 16 53
32 31 19
17 46 27
1 55 40
11 4 3
1 8 34
34 41 60
49 54 6
47 46 57
16 15 31
40 52 39
46 0 59
15 60 46
32 57 5
33 3 9
20 56 37
28 26 15
38 51 41
30 22 5
36 18 49
27 6 60
18 7 5
31 6 11
13 26 11
11 36 9
35 32 22
8 2 0
20 60 40
56 16 24
30 5 33
45 23 32
25 44 31
25 26 0
17 47 38
25 14 53
20 57 3
37 43 38
46 56 9
27 37 27
29 27 3
3 34 16
36 39 0
21 29 38
29 13 11
44 56 6
11 3 1
51 19 45
0 7 16
55 17 9
11 3 46
60 44 50
21 22 52
18 15 57
23 34 25
54 58 14
17 39 23
2 35 16
52 20 46
25 1 27
17 10 11
4 26 32
10 15 10
42 10 35
35 49 40
52 44 28
30 53 6
33 10 42
48 25 14
38 3 52
6 60 35
0 18 17
11 3 60
1 38 38
16 57 30
31 27 12
11 20 8
56 9 58
26 9 29
14 10 41
56 45 52
58 31 6
12 32 58
10 6 14
26 55 54
54 54 17
19 41 58
12 36 38
23 40 18
5 10 58
21 41 57
23 50 58
36 20 20
7 48 0
41 39 42
17 43 15
53 55 33
9 17 5
57 25 10
10 37 1
0 10 7
24 52 38
47 0 25
13 36 6
33 19 55
26 18 23
45 23 17
57 20 29
49 21 19
0 7 47
9 8 24
51 53 53
1 57 42
29 46 3
46 38 41
11 19 15
5 54 57
14 24 33
10 1 56
31 16 25
55 32 40
2 8 27
34 29 36
44 9 48
49 55 33
1 32 39
49 44 33
19 36 56
1 50 4
35 12 29
9 29 54
58 29 30
30 12 26
39 55 57
17 9 33
58 26 56
29 26 5
30 56 38
58 5 54
56 0 60
41 5 15
47 8 1
50 4 23
27 40 31
24 47 27
18 40 42
29 37 25
54 15 51
20 59 20
36 31 55
52 28 46
55 51 9
10 3 47
57 1 3
3 36 1
28 27 37
11 35 0
27 44 15
25 24 11
33 16 19
49 3 40
4 59 37
30 32 57
55 0 27
0 51 7
55 49 37
25 14 9
24 20 12
31 31 35
44 5 27
59 36 36
12 21 0
48 55 55
18 23 46
0 25 2
25 13 24
24 53 22
47 2 3
8 43 39
50 59 18
5 37 54
24 30 43
36 48 32
13 38 31
32 5 30
5 46 37
47 51 46
57 24 19
23 22 4
13 59 58
15 60 36
15 12 15
19 12 2
46 2 51
11 38 60
48 45 31
47 5 50
48 55 40
8 22 45
40 8 8
39 25 44
4 58 57
48 15 16
36 47 10
12 29 33
54 19 23
24 26 51
49 22 0
46 57 36
45 9 18
8 19 38
39 17 47
48 40 30
26 1 3
28 33 6
16 50 58
5 38 6
21 19 36
6 28 40
27 41 44
43 33 34
43 16 9
21 58 53
51 47 53
35 0 45
32 56 31
51 25 20
51 21 40
17 23 2
4 20 48
42 53 4
9 47 33
33 56 40
7 40 19
60 12 41
1 16 15
9 39 49
56 5 13
59 10 8
59 32 32
38 47 7
6 48 11
11 14 52
11 40 50
22 28 3
42 47 23
20 1 2
50 2 23
37 19 36
38 56 43
20 43 57
49 4 55
17 5 4
5 23 19
6 19 2
56 52 54
12 30 28
26 32 2
34 5 14
3 59 52
60 33 28
11 20 2
39 43 4
12 3 13
12 44 43
51 58 32
19 53 20
30 49 33
2 34 14
5 41 48
9 41 15
23 42 12
12 29 17
17 39 60
52 32 44
22 12 57
31 38 60
11 21 45
58 22 32
15 34 1
2 20 10
18 30 24
0 45 6
8 40 54
34 32 45
17 21 16
33 10 8
46 36 23
57 9 23
5 58 21
0 37 44
38 56 11
23 4 10
31 38 9
9 43 15
33 59 21
57 56 19
48 15 57
18 34 20
31 19 31
42 43 53
13 7 25
60 38 56
29 33 60
47 52 20
27 33 2
60 44 59
22 49 55
7 35 23
59 32 57
37 10 54
16 30 46
3 0 35
17 39 58
8 38 16
44 42 58
9 26 15
27 33 36
4 48 21
9 33 46
44 27 44
48 44 56
38 23 59
7 10 26
24 32 35
55 34 5
34 7 57
22 18 23
44 37 52
40 8 55
50 6 6
18 36 27
41 46 13
48 51 16
31 49 60
10 40 15
37 53 57
9 44 51
3 55 34
50 5 43
21 45 54
38 46 14
34 29 40
7 50 32
29 31 33
38 11 3
23 50 57
26 26 8
4 24 8
0 9 48
7 21 48
7 20 29
6 36 26
39 33 2
36 10 44
36 17 49
12 52 30
60 48 60
41 49 31
25 15 7
20 32 2
16 22 57
52 28 24
52 57 22
55 22 28
22 16 22
54 8 5
45 49 54
12 11 0
17 17 0
25 19 1
40 14 15
59 54 5
6 9 57
34 12 32
34 9 57
35 51 56
50 14 43
51 19 8
22 12 35
26 52 49
45 8 40
31 33 25
33 55 27
56 3 30
60 13 28
57 47 18
28 4 16
19 39 44
9 27 13
54 60 39
17 16 44
1 32 45
3 7 6
