1000
5 69 62
45 68 12
27 61 54
24 8 9
59 2 34
12 52 1
0 47 15
55 27 28
62 34 69
33 55 24
47 36 56
11 31 28
43 56 22
37 62 45
24 9 64
1 16 26
7 68 45
48 43 48
58 29 34
64 18 64
2 49 26
7 53 11
37 33 27
62 10 7
56 28 39
5 30 45
41 0 21
26 30 47
32 41 55
22 60 49
1 20 3
49 62 30
22 67 64
67 14 33
25 5 46
36 30 51
2 9 52
61 61 25
16 61 55
62 43 42
31 39 10
10 15 2
1 47 70
49 13 2
47 16 13
45 68 25
1 42 69
19 20 10
35 28 62
27 1 61
1 25 54
6 66 60
0 70 38
38 59 34
52 10 50
70 46 14
36 52 43
30 56 13
62 23 35
11 61 37
15 24 12
8 69 35
43 2 22
8 31 5
58 4 51
44 10 68
35 53 15
1 53 62
20 9 0
23 48 27
38 20 0
5 53 15
7 57 0
33 70 16
68 59 16
13 9 14
38 49 62
62 15 20
18 38 10
34 5 28
8 17 59
43 42 20
58 46 25
46 15 40
18 34 33
40 60 48
12 43 9
43 24 1
44 0 59
64 13 40
64 48 54
7 65 3
14 34 57
27 37 55
36 13 59
7 43 65
70 18 15
67 16 42
33 15 0
23 38 58
41 5 0
48 35 51
67 22 68
33 25 56
0 18 61
5 18 24
10 32 0
63 13 56
28 12 21
10 3 4
53 51 30
58 47 47
68 12 14
39 68 26
6 60 33
58 52 50
11 62 65
19 63 33
62 66 21
18 57 65
66 1 28
46 41 25
4 60 7
4 33 55
8 57 23
64 34 28
64 24 35
65 18 16
65 3 42
57 61 50
42 52 61
18 18 29
12 4 56
20 5 4
3 1 12
18 65 7
10 64 8
20 59 39
43 21 46
50 0 33
9 39 39
0 47 9
45 70 16
57 19 38
18 16 64
39 28 68
49 25 67
43 65 11
45 55 15
32 70 5
63 19 19
44 58 47
32 10 4
35 46 18
22 29 59
70 13 46
45 51 12
32 40 3
18 52 7
46 14 18
26 25 38
13 11 46
19 69 16
31 24 17
64 64 7
43 33 68
26 25 39
39 35 39
54 13 6
32 23 0
12 3 12
4 53 37
62 35 34
59 17 41
61 30 58
6 64 22
63 69 14
52 1 48
70 9 46
5 41 68
63 16 55
20 38 39
19 58 12
62 53 45
36 10 9
63 21 65
20 50 60
46 61 23
49 32 43
37 39 16
28 61 66
9 13 14
26 62 68
15 19 33
30 60 20
63 25 20
4 3 39
32 18 55
42 48 45
67 26 66
7 40 42
62 9 34
53 53 23
54 36 47
14 69 66
1 1 56
41 44 9
70 57 69
1 33 43
0 12 20
22 23 31
59 14 53
62 11 30
13 13 29
28 1 12
16 47 36
65 69 33
21 50 57
13 50 57
19 38 4
11 30 47
19 68 6
22 10 31
55 45 13
1 11 17
47 13 40
14 35 55
0 35 42
2 52 7
68 63 50
30 31 20
70 62 43
24 15 31
62 35 51
0 52 16
7 2 16
14 47 47
19 25 40
7 16 44
29 44 53
42 17 57
40 67 59
65 7 58
30 36 44
12 5 40
8 2 46
3 13 47
46 65 58
0 55 42
33 62 33
6 49 66
66 51 6
16 37 46
10 34 39
19 67 37
11 15 25
57 49 20
9 24 50
49 30 30
26 5 22
47 47 43
31 49 1
68 41 42
39 57 17
69 7 40
9 47 46
0 38 23
0 48 16
24 40 37
20 37 62
45 47 58
20 37 56
12 50 42
18 52 18
10 31 36
49 27 23
57 12 3
49 69 38
69 41 2
30 58 11
37 62 10
31 30 7
9 51 12
69 44 49
17 36 28
2 36 43
16 60 19
16 18 26
14 23 17
45 42 44
22 51 33
31 6 4
65 27 2
14 35 32
27 48 36
53 61 69
40 58 21
57 54 51
37 29 68
49 64 61
6 6 2
63 3 40
9 7 54
21 10 4
55 52 8
49 65 30
36 54 37
30 31 4
9 28 57
13 3 4
26 52 9
64 16 50
30 47 16
57 52 57
46 23 20
59 16 6
42 35 45
2 67 23
45 45 61
23 63 22
63 34 8
5 5 33
62 3 15
64 51 15
57 16 42
68 67 29
61 15 32
20 67 31
30 31 69
55 16 53
14 25 34
52 0 64
32 28 13
69 53 37
28 9 27
40 57 23
12 31 14
58 20 36
65 58 58
16 62 56
48 25 0
10 43 62
9 7 9
17 12 39
28 41 19
65 67 24
3 21 40
70 23 30
23 18 0
7 49 3
61 41 53
3 42 45
4 15 62
15 19 32
42 36 10
33 16 18
4 52 25
51 45 47
38 70 23
11 25 54
36 54 66
15 50 7
27 29 55
36 67 0
44 3 48
36 23 65
42 68 18
2 47 23
14 66 44
68 44 45
67 39 11
25 43 43
50 40 65
57 28 68
5 5 55
49 55 19
20 31 70
12 51 33
0 65 20
25 36 55
0 67 61
62 10 63
34 5 5
30 23 64
52 27 54
65 22 22
31 45 43
19 59 56
14 28 63
58 70 40
63 29 33
51 26 21
62 45 70
52 17 54
61 47 46
48 49 6
60 65 40
10 39 10
62 68 61
16 42 3
65 19 45
17 63 1
1 11 53
26 22 36
67 38 9
22 56 48
46 23 8
58 64 1
42 49 19
9 57 54
53 10 33
46 47 43
39 27 5
66 26 22
63 38 6
9 15 25
68 39 28
10 3 1
59 53 65
62 32 0
20 60 44
5 57 0
60 35 36
23 55 24
59 56 10
46 7 17
57 13 44
25 34 41
20 7 65
3 45 44
59 10 9
22 17 24
15 18 35
5 64 47
43 16 66
40 19 17
59 11 55
9 47 51
29 11 35
41 48 45
45 66 31
1 49 15
46 47 55
24 8 9
54 60 48
2 53 35
17 44 54
20 50 47
6 49 51
24 65 6
31 70 41
12 24 62
30 39 55
54 55 24
48 27 22
51 30 17
30 45 3
22 10 37
12 43 61
51 11 46
25 26 21
4 47 20
19 39 66
35 19 65
53 63 0
13 24 58
7 15 10
53 40 63
16 64 11
21 20 36
1 4 65
51 47 64
2 68 13
54 48 56
7 6 63
24 8 27
67 27 7
18 40 29
45 69 68
29 31 50
25 51 57
50 43 53
55 9 61
57 15 28
14 64 26
13 45 10
3 44 47
53 27 30
13 46 56
3 0 47
59 25 6
20 53 35
3 26 35
1 34 9
8 64 34
14 4 10
7 39 28
3 23 43
39 12 50
37 65 35
46 44 32
51 29 49
65 68 39
47 8 24
38 29 54
17 26 26
1 54 45
33 37 21
9 6 35
69 52 41
38 0 1
16 7 39
18 55 29
58 66 46
3 57 58
1 58 26
34 19 4
64 6 61
24 31 21
7 0 63
19 10 62
58 52 61
43 4 58
48 16 15
14 60 57
0 50 0
20 52 54
6 11 0
14 5 42
36 64 8
63 54 47
63 54 6
26 13 57
60 70 55
51 69 26
57 6 31
8 27 10
55 49 55
59 35 10
14 45 29
29 35 44
33 38 57
56 58 69
11 32 24
14 40 48
35 47 16
40 15 69
40 21 37
21 36 60
53 34 41
14 67 8
15 41 25
1 3 29
37 65 31
42 40 39
8 20 65
0 6 61
16 21 54
61 60 14
29 57 31
37 23 22
27 5 32
4 22 60
47 20 45
68 63 68
37 52 62
48 64 68
68 69 0
65 31 58
38 11 48
29 66 59
70 59 61
65 12 12
42 45 46
15 53 36
69 68 47
21 0 14
36 51 57
30 61 7
38 3 9
15 31 32
58 52 40
41 49 56
3 42 57
24 41 1
20 61 59
29 35 51
34 65 38
55 58 46
6 30 70
44 60 67
57 40 56
13 53 29
10 46 62
24 24 44
70 7 37
9 38 49
4 12 62
38 19 44
43 18 54
2 66 21
3 19 48
12 37 19
15 61 31
42 66 67
5 41 28
61 70 45
63 54 34
16 8 51
33 34 22
3 57 17
50 70 3
44 51 12
63 17 48
52 64 47
13 45 32
7 17 26
41 53 27
57 29 20
59 2 47
7 50 2
66 43 55
18 36 62
42 18 2
4 52 5
59 15 13
10 40 30
3 59 12
4 4 25
7 52 0
38 34 48
25 63 43
62 67 51
45 65 52
25 17 33
25 55 30
51 36 41
6 41 65
22 19 44
20 33 10
5 55 29
46 52 6
64 65 24
12 0 10
45 10 4
18 50 15
38 32 53
51 45 63
16 7 68
37 43 62
26 19 1
6 14 56
10 30 28
44 64 50
67 5 22
65 44 46
14 26 21
13 47 48
45 57 20
33 32 67
25 58 37
66 65 4
19 22 26
58 1 54
49 5 13
68 17 22
52 17 60
61 56 42
37 69 9
25 50 51
16 15 10
59 26 12
10 17 6
49 43 69
46 70 15
34 25 56
41 35 41
68 53 66
5 2 47
61 62 3
44 52 64
69 23 3
19 60 24
36 34 29
48 17 38
69 34 52
61 15 13
34 38 63
31 12 15
6 50 3
3 7 12
51 68 40
2 70 59
52 23 1
22 24 68
10 14 0
23 20 62
70 63 30
42 33 53
1 40 22
28 0 49
64 64 42
9 21 27
29 22 69
25 24 45
69 28 2
63 14 17
12 12 13
11 10 1
34 47 55
43 22 15
52 14 31
47 42 7
25 0 57
2 29 59
53 35 63
22 41 26
38 40 1
45 39 38
26 5 6
42 28 6
5 8 14
32 8 0
44 65 63
29 9 45
36 14 1
62 67 8
3 69 43
67 3 9
5 36 55
44 14 63
23 61 32
1 13 62
39 41 39
31 18 70
5 63 9
14 2 58
68 61 62
6 60 1
59 60 61
16 28 16
33 58 35
32 67 25
49 38 7
12 60 38
2 64 35
40 53 58
9 66 35
12 13 36
37 16 8
61 70 47
43 7 21
60 13 35
5 8 6
13 3 10
48 0 10
28 48 48
45 35 26
21 30 41
6 35 64
30 55 68
68 27 65
67 23 25
48 30 15
27 59 44
66 43 13
24 12 8
4 64 64
61 63 46
31 65 45
60 15 51
20 23 0
70 0 2
4 55 36
23 25 64
66 70 33
7 4 14
32 0 33
10 7 11
18 63 10
1 28 12
58 39 23
65 7 35
26 65 65
5 48 37
20 60 15
16 37 51
12 37 33
45 54 46
54 52 20
31 58 2
63 18 32
20 14 30
34 66 26
23 64 2
29 58 39
33 44 2
36 40 45
70 63 3
30 47 10
25 30 67
24 14 10
8 17 15
22 52 50
7 57 70
68 44 59
50 62 38
59 57 40
5 26 58
6 0 13
6 57 4
19 48 13
24 23 48
22 39 50
49 39 59
23 8 48
24 20 53
35 34 16
49 19 49
11 29 28
25 64 12
39 0 55
20 23 55
26 15 31
8 64 16
52 2 43
27 33 47
60 50 44
54 23 52
64 39 12
31 52 17
11 15 27
19 67 53
52 23 60
66 22 52
7 35 51
41 1 11
11 59 63
9 21 55
31 7 70
48 58 8
41 31 36
1 29 20
22 34 59
40 69 37
33 70 0
31 54 7
42 60 29
45 23 39
58 52 35
38 0 35
8 5 43
45 9 44
10 45 27
2 3 51
7 5 44
40 53 63
48 63 13
63 62 11
6 46 20
55 55 7
1 3 67
33 58 8
51 58 66
58 4 14
10 34 15
57 42 47
18 68 39
45 22 12
52 27 23
59 6 40
31 22 57
47 15 68
34 31 16
12 48 16
38 64 45
42 39 46
43 32 5
26 54 16
40 29 31
59 7 11
37 60 40
49 24 49
37 15 45
56 37 47
70 70 44
23 30 58
55 56 45
33 68 6
53 68 8
18 60 2
11 50 11
24 38 65
47 47 62
10 0 62
14 44 27
43 69 60
52 68 15
70 23 22
45 45 0
69 64 41
10 18 34
58 28 40
13 47 8
14 38 67
55 18 10
35 49 18
44 42 55
45 18 50
70 48 28
2 43 3
32 59 27
55 43 15
32 70 48
31 60 32
59 69 33
28 32 47
41 58 15
8 55 19
39 9 55
36 32 19
43 13 31
42 61 7
26 0 62
35 42 29
59 34 68
49 21 42
69 10 48
9 41 22
16 18 53
1 33 15
62 15 5
36 8 44
11 31 37
65 0 49
57 23 44
18 11 16
24 60 58
10 46 18
22 31 39
36 57 25
9 25 62
37 53 24
30 28 61
43 27 28
55 6 59
7 30 17
59 33 18
68 16 58
25 49 37
68 44 4
49 56 25
57 12 37
41 59 34
7 22 29
29 39 25
4 38 57
54 60 60
47 53 24
8 46 65
69 11 25
17 50 39
19 46 52
17 48 48
44 31 42
3 65 11
44 60 1
11 52 67
66 35 36
44 60 6
9 54 37
15 31 60
13 61 60
22 23 6
7 12 43
49 22 39
61 36 24
45 9 6
7 55 67
1 29 61
65 44 64
63 39 67
37 0 24
45 58 36
23 63 29
41 23 17
48 33 39
64 28 46
33 49 6
20 36 60
23 28 20
60 27 0
63 63 65
6 34 17
48 64 33
52 27 15
69 11 56
19 26 26
57 70 8
54 20 59
