1000
70 25 60
66 7 56
67 52 22
27 47 27
19 66 43
26 17 32
9 53 54
23 12 22
16 57 44
75 35 51
78 63 57
36 12 63
25 44 35
45 37 3
34 17 40
0 60 25
33 37 62
73 66 41
7 24 46
75 71 53
42 63 66
20 18 0
66 27 49
11 52 79
4 37 24
36 35 62
64 64 11
22 28 80
16 52 43
75 41 52
4 22 78
15 35 75
63 9 77
50 15 37
79 46 51
72 67 27
50 65 70
41 12 4
4 18 68
75 45 45
9 27 8
20 10 47
77 46 9
35 50 53
51 1 20
24 30 47
46 40 48
15 25 35
1 27 30
16 2 23
26 26 55
56 67 42
21 12 35
80 71 44
23 78 76
48 37 10
8 29 44
30 20 40
76 17 9
73 48 42
4 26 73
6 42 40
72 41 40
3 12 52
2 72 61
39 76 47
26 42 27
14 70 27
53 16 3
28 62 51
27 17 76
41 49 73
44 36 43
31 75 36
80 7 10
38 5 15
57 55 12
53 34 29
63 18 53
70 37 54
38 38 3
71 43 55
79 7 63
10 39 73
71 62 34
23 13 76
52 67 55
22 61 25
14 46 8
57 31 48
52 67 48
22 67 2
80 36 70
64 26 11
42 19 51
65 66 80
24 43 36
58 33 69
59 17 27
32 44 11
33 35 56
69 18 46
36 43 26
3 36 16
9 73 44
64 68 9
70 48 72
30 12 35
70 26 67
40 57 55
45 6 8
41 8 74
8 75 71
53 78 15
52 35 13
76 38 3
19 58 3
51 14 32
27 22 54
80 59 54
31 20 68
2 42 64
5 19 66
19 77 19
33 66 63
30 33 24
15 8 54
51 7 47
72 23 48
24 24 65
3 52 77
37 67 32
55 44 52
18 32 16
78 2 56
72 29 64
13 62 6
37 22 20
24 12 68
45 79 19
16 22 8
70 36 68
54 36 73
5 43 11
58 62 8
8 23 48
15 70 13
13 43 51
67 80 28
63 48 49
15 3 12
1 28 0
34 62 50
63 76 42
22 13 46
59 55 49
60 70 46
78 24 80
13 39 33
28 72 18
44 44 0
79 42 79
31 5 59
79 57 41
78 77 68
23 23 63
0 57 12
51 24 66
62 6 37
68 49 1
13 53 33
50 56 70
10 10 57
76 30 42
11 27 2
11 57 28
7 60 69
10 28 5
73 36 45
20 41 21
2 50 39
43 65 5
70 0 18
67 20 77
22 9 1
18 62 68
30 62 75
46 63 37
4 32 41
13 12 5
72 35 71
42 20 35
76 19 23
7 39 39
45 41 10
69 4 71
61 15 67
53 77 53
6 13 54
48 41 11
18 24 39
29 48 26
80 30 15
23 65 25
63 70 48
69 41 80
29 56 7
60 7 70
32 48 11
10 20 42
27 2 55
18 46 24
75 27 48
61 12 41
57 32 11
71 62 20
80 52 48
51 4 15
25 61 23
71 74 66
1 51 11
52 69 34
12 8 45
53 48 71
30 31 7
10 16 6
50 46 13
61 7 73
57 25 44
33 4 4
19 33 14
8 76 71
71 20 53
19 77 26
51 37 38
69 64 74
14 16 56
56 44 60
74 70 37
39 50 21
47 70 30
37 57 63
53 63 6
32 73 69
52 70 26
30 37 48
46 46 3
62 30 11
26 14 74
56 63 42
47 17 64
5 50 34
10 32 57
63 38 59
75 10 46
77 48 56
64 17 48
55 50 33
63 70 78
8 32 75
35 16 13
37 77 73
2 13 34
53 4 45
23 16 16
44 78 56
36 28 51
48 12 74
42 56 10
19 23 36
4 26 31
52 27 53
41 25 65
58 39 65
14 24 11
11 22 9
41 76 78
6 5 78
20 1 61
49 45 80
39 56 54
17 18 68
43 68 49
60 67 25
39 47 20
15 6 73
16 50 40
73 4 24
65 48 58
20 67 36
17 13 51
16 37 57
17 11 8
16 9 19
73 61 9
70 10 51
77 28 37
28 26 7
61 25 23
18 17 73
5 22 79
19 54 55
47 35 12
38 9 68
64 74 73
41 1 25
34 19 20
7 4 16
45 65 76
18 37 11
73 43 59
50 63 45
56 30 21
1 14 57
80 3 58
24 13 32
72 60 25
53 80 80
40 51 24
29 31 40
33 6 43
63 59 68
75 46 43
31 56 79
48 39 4
70 53 21
44 48 52
29 18 34
62 50 16
31 4 49
56 9 35
16 71 64
18 26 0
22 30 20
17 49 47
61 7 37
76 10 25
38 43 27
15 7 23
27 44 18
25 79 14
4 50 11
35 67 71
45 22 29
44 80 6
54 35 11
8 2 22
54 0 10
52 43 64
42 32 28
5 29 59
75 29 31
46 13 28
45 45 59
17 72 71
27 45 7
65 16 5
65 3 34
25 40 17
62 7 61
52 18 2
33 55 67
61 79 15
71 7 0
20 46 43
14 7 24
37 19 13
21 27 77
67 26 23
30 56 21
18 4 29
57 13 65
76 54 19
37 27 5
37 0 39
15 60 71
31 61 22
26 68 42
27 68 69
53 61 59
10 54 11
70 68 71
19 30 52
43 74 41
11 13 69
43 57 21
33 19 73
24 24 15
58 71 40
72 29 51
11 59 53
59 69 15
75 42 36
18 9 9
2 37 59
77 26 62
80 5 59
73 4 3
5 57 8
15 11 52
33 64 55
78 13 51
71 54 32
0 57 5
44 2 66
28 5 28
40 9 24
62 62 53
7 76 50
46 37 75
42 62 22
60 51 33
4 3 52
66 2 23
8 14 72
25 50 51
80 75 61
7 39 18
35 47 31
16 2 38
40 10 7
36 1 6
11 10 66
8 46 17
79 57 49
20 37 0
26 57 31
25 49 43
27 66 34
79 48 3
11 74 70
52 75 60
9 32 12
65 35 80
47 22 24
35 64 15
77 45 56
69 73 76
41 7 74
74 68 80
10 53 11
28 16 30
75 75 21
36 11 22
25 17 31
32 15 21
6 26 12
72 9 8
15 58 73
68 4 45
48 12 26
36 78 15
40 17 23
20 37 27
32 4 60
21 62 28
31 50 9
71 14 28
76 29 80
19 68 49
23 20 9
12 69 20
52 6 7
35 27 6
1 18 21
74 29 75
60 69 63
8 30 63
53 23 66
15 48 42
45 43 63
40 69 48
14 41 64
17 27 43
6 31 43
55 58 65
80 0 16
40 33 53
49 44 20
9 26 21
75 71 33
3 79 60
12 66 14
55 6 39
59 49 66
77 70 30
9 50 48
1 7 49
1 69 74
59 32 25
77 22 52
41 68 2
33 32 71
7 72 54
64 15 35
67 66 47
49 12 22
57 64 35
62 42 16
40 50 51
37 51 20
12 76 7
63 23 31
36 10 72
74 41 12
14 12 4
68 45 51
50 52 56
37 67 4
19 34 8
73 2 77
26 60 38
16 16 30
25 42 47
39 69 42
21 16 35
79 44 76
14 44 13
0 74 70
57 50 53
42 37 80
22 16 74
25 50 3
22 43 77
70 53 50
44 45 61
66 39 42
20 41 71
5 19 34
11 53 13
54 60 79
64 28 42
30 48 45
43 21 8
28 73 38
20 53 4
74 20 47
13 13 1
43 15 3
31 20 63
41 2 7
18 58 60
9 16 80
19 63 4
40 32 57
48 46 4
53 34 75
26 7 8
55 6 58
64 67 53
11 78 38
37 39 64
36 16 28
34 31 73
33 22 58
23 76 47
7 60 64
10 3 39
30 69 48
64 58 60
34 52 71
7 53 76
7 23 7
4 70 3
30 59 27
23 67 77
70 37 5
68 12 31
17 60 45
33 73 15
6 53 74
4 70 13
47 24 1
60 74 2
52 26 19
11 28 44
12 47 6
0 24 77
70 64 33
12 65 9
55 23 54
20 77 20
35 46 34
21 14 12
35 41 33
23 69 69
18 6 12
44 51 13
23 45 53
67 64 16
76 28 10
61 20 79
50 7 5
43 20 9
63 47 70
35 10 12
34 27 54
11 18 30
22 17 21
34 61 22
53 60 54
66 4 56
26 32 48
76 2 32
2 24 28
14 78 75
1 27 18
46 55 76
24 72 9
72 74 38
24 55 42
65 4 13
57 40 19
23 64 68
1 61 43
45 46 69
22 59 73
63 36 13
6 32 54
48 76 44
15 6 20
39 37 34
38 33 69
13 79 18
55 37 40
36 31 44
70 31 21
35 18 5
56 64 29
1 27 80
26 41 30
52 75 40
0 40 31
79 64 19
5 80 80
59 2 64
36 55 64
39 43 32
46 33 0
10 75 19
79 22 8
0 10 8
70 24 7
78 52 59
36 6 29
80 74 24
78 64 28
56 5 1
7 47 14
3 50 37
28 63 19
22 55 26
80 59 70
74 57 25
28 52 18
76 45 68
77 54 36
20 6 4
69 8 79
8 58 1
68 55 10
6 25 21
44 3 60
2 23 4
75 78 76
56 80 17
29 48 64
49 65 28
4 49 14
71 52 15
47 43 26
26 27 79
56 67 1
28 26 70
24 45 25
7 44 43
15 2 60
76 49 2
65 1 80
18 76 59
18 15 28
16 38 49
67 75 40
42 2 73
32 8 71
2 46 47
16 51 69
11 15 15
68 42 44
39 71 27
11 0 43
2 78 28
47 72 53
75 61 12
35 37 35
57 24 80
75 7 30
54 48 58
1 75 68
61 6 10
63 37 69
49 60 14
22 48 10
6 32 41
41 53 17
26 14 26
11 54 25
4 68 11
54 16 24
51 27 49
28 61 41
12 71 11
41 29 12
48 12 63
23 20 6
76 60 20
57 41 38
23 14 5
48 66 29
16 47 46
42 8 28
71 50 26
6 75 40
68 16 69
22 67 34
26 37 78
65 10 33
28 47 18
1 74 22
65 15 18
49 8 14
65 63 54
79 0 38
5 41 34
73 0 70
28 26 55
28 72 45
31 44 55
44 23 23
16 33 47
14 5 24
56 4 59
37 20 67
35 42 59
4 43 49
78 75 16
10 48 9
73 17 31
40 18 4
45 25 28
31 10 10
24 0 23
3 78 30
66 69 33
71 28 77
30 40 55
2 59 41
23 21 43
37 65 5
73 10 14
55 40 60
73 56 67
29 11 73
34 36 21
69 57 69
55 43 14
52 45 24
75 25 27
68 9 59
68 46 80
64 33 33
71 7 42
68 2 60
47 2 64
68 1 27
34 78 54
21 46 59
6 15 58
16 45 15
73 5 20
78 15 61
55 60 35
4 64 10
9 56 35
71 20 79
34 23 36
62 58 63
30 19 78
11 65 17
60 47 35
20 3 52
70 80 44
28 15 53
66 29 51
78 52 78
64 60 33
40 46 62
19 40 43
4 55 21
80 65 15
44 42 29
1 16 29
27 15 27
36 12 56
1 21 80
27 20 19
30 6 36
51 43 4
13 59 18
59 5 24
50 72 6
61 55 63
23 33 16
28 18 18
70 74 44
30 28 42
39 48 78
9 55 3
62 9 74
31 13 25
78 61 0
0 50 42
76 47 61
72 60 43
46 50 43
52 38 32
27 26 28
13 35 32
72 11 57
8 3 70
8 68 76
30 46 13
8 54 15
64 9 72
43 17 44
63 76 73
48 69 10
60 28 38
22 7 40
66 73 7
33 76 3
31 58 1
7 47 71
48 31 63
58 15 70
46 64 14
16 11 32
2 74 19
56 75 49
59 5 33
10 47 7
49 55 5
20 30 36
56 22 58
39 19 39
25 10 12
60 16 42
70 75 14
61 65 50
33 35 36
63 44 73
14 48 32
5 22 33
38 24 48
75 1 66
70 68 6
79 55 18
33 80 40
38 30 51
45 54 27
4 18 59
66 2 78
72 35 7
11 4 28
66 59 36
0 50 76
11 41 5
74 11 69
56 45 37
42 56 55
24 72 29
21 38 68
71 64 13
31 18 2
36 48 79
18 39 45
0 15 35
73 10 3
35 29 19
10 60 55
69 78 20
59 50 51
17 13 43
69 33 44
0 50 34
80 54 77
9 58 15
77 67 65
12 3 12
9 15 16
5 12 80
52 63 10
72 17 7
28 38 60
21 46 25
32 71 2
42 19 2
41 68 23
71 78 8
44 55 61
37 3 48
53 33 62
62 20 6
44 30 31
6 55 35
23 2 60
16 15 38
39 41 72
75 63 7
8 17 61
14 22 70
57 22 13
45 24 51
13 25 10
34 52 75
23 38 77
72 35 45
59 63 73
73 3 69
78 8 60
65 5 77
34 44 25
77 33 59
75 57 50
0 73 58
51 14 6
40 80 30
24 26 11
60 41 16
25 14 25
68 30 54
19 9 59
5 75 52
25 76 33
59 80 31
5 75 14
23 40 28
33 10 67
80 25 36
78 12 77
4 71 36
76 80 31
67 23 80
70 77 13
14 48 52
2 25 44
45 40 12
69 61 73
25 71 63
78 26 32
22 42 73
1 17 35
77 33 50
60 39 74
1 24 19
48 73 13
13 30 23
16 2 74
35 56 52
1 4 33
61 64 38
77 0 58
24 20 8
54 69 42
75 13 19
28 80 54
41 80 9
1 3 13
36 54 28
67 61 64
60 28 35
63 15 8
39 2 74
45 46 60
4 24 58
9 33 23
60 66 67
7 2 59
71 67 58
28 33 80
26 13 40
49 38 57
68 18 10
13 23 19
62 44 24
67 21 24
0 67 4
75 80 55
31 32 49
68 22 59
