1000
78 93 89
10 16 22
97 15 100
54 3 5
65 5 44
12 92 15
11 36 54
66 76 8
2 36 9
75 90 68
76 63 25
10 68 69
53 78 98
35 7 90
99 70 56
24 45 20
83 80 97
81 39 69
37 27 8
78 22 19
60 67 17
71 52 28
59 19 97
41 32 19
27 97 59
36 90 74
0 63 18
76 27 33
39 3 42
9 88 49
93 90 77
97 15 8
63 21 62
85 25 35
30 50 42
100 78 74
2 85 85
6 3 45
8 7 41
34 45 74
85 23 44
58 60 86
32 7 47
7 40 90
10 90 82
9 34 96
48 71 7
75 54 45
0 76 84
98 24 97
96 76 93
8 5 87
97 78 83
31 38 85
74 7 38
48 67 92
97 39 56
48 63 75
16 21 20
67 79 48
38 93 89
82 6 49
82 57 72
84 42 79
94 23 11
89 49 72
57 7 50
11 19 27
27 80 77
1 22 48
44 45 25
65 45 14
9 18 12
3 79 87
97 13 66
1 91 23
26 100 82
86 49 75
19 9 98
11 45 54
78 1 5
66 25 16
64 0 59
85 65 20
78 88 88
100 38 100
40 95 96
53 37 5
96 46 11
5 24 6
24 22 22
88 43 51
63 90 69
14 48 30
97 8 21
95 71 99
90 41 92
18 100 54
14 61 9
91 89 5
10 64 6
49 42 60
71 72 90
67 18 41
84 19 75
81 24 57
9 34 81
74 66 7
54 3 25
4 2 10
10 12 17
7 16 84
50 49 89
60 100 67
87 28 12
88 32 42
63 21 15
78 9 49
54 88 79
47 72 97
82 56 37
41 10 92
79 13 67
99 51 75
54 45 20
70 12 93
99 74 95
71 64 2
58 57 42
58 100 80
15 44 50
73 9 19
70 25 53
77 2 30
98 100 96
65 10 27
41 75 71
2 54 84
99 70 97
78 57 17
9 53 72
74 50 35
13 81 14
71 29 90
79 21 23
51 64 98
37 70 1
39 27 58
74 34 84
76 61 4
33 45 70
3 47 84
11 95 23
31 57 67
23 34 13
92 9 84
90 28 5
36 81 31
97 92 10
64 40 67
60 34 75
84 0 27
71 23 82
55 58 19
62 67 67
66 10 60
48 34 11
83 19 13
7 76 98
44 81 54
20 41 51
16 16 63
6 20 41
0 65 19
82 95 87
36 63 28
57 75 78
36 55 92
7 84 67
27 28 55
99 34 64
39 79 71
63 76 2
95 64 15
40 82 92
89 78 76
98 58 15
9 53 44
94 55 8
44 23 59
15 78 0
18 10 30
76 14 51
30 16 33
95 21 22
61 20 19
44 27 52
3 91 1
78 36 25
86 38 8
78 39 7
19 77 31
99 87 80
44 60 18
44 56 19
76 92 45
43 76 1
82 74 8
32 48 52
38 86 69
84 52 42
82 46 80
0 16 100
60 32 5
39 76 88
92 11 39
16 82 9
51 94 92
62 52 64
29 85 10
38 25 12
57 16 88
28 27 76
25 12 61
61 69 2
85 83 55
83 16 95
81 97 25
78 42 75
51 66 94
14 49 17
95 68 18
28 91 2
63 48 72
85 41 70
88 93 24
60 1 27
3 46 37
99 61 29
70 75 25
78 42 53
33 74 32
96 23 54
52 33 100
17 78 82
60 78 57
58 31 93
32 43 27
50 54 66
71 86 3
49 44 80
71 1 31
2 15 50
61 91 67
53 71 0
80 51 59
76 90 28
79 0 4
80 11 25
76 25 2
5 59 99
81 13 50
51 17 22
52 38 58
26 81 8
94 51 66
13 76 3
61 15 25
79 9 67
51 29 24
36 26 95
43 97 73
15 6 92
56 76 84
58 90 13
79 86 91
14 4 36
0 80 84
37 77 40
7 75 59
87 82 87
45 16 79
28 70 6
76 10 19
49 75 63
21 48 27
37 0 7
16 40 95
24 78 68
30 41 91
7 18 79
16 2 83
0 15 73
94 8 96
10 43 89
47 42 49
57 39 18
43 30 86
81 29 26
53 76 28
47 3 90
36 8 46
59 37 38
96 51 77
70 3 56
57 68 69
28 15 38
33 38 16
33 5 15
28 96 82
54 46 34
60 99 26
21 92 97
100 81 70
18 76 96
32 31 7
80 95 85
0 9 84
54 39 41
82 94 69
48 93 37
57 88 0
32 18 58
16 7 33
44 98 88
53 37 62
68 51 85
45 26 70
58 33 43
28 88 72
48 32 1
8 79 74
1 10 54
35 90 42
19 71 1
1 96 48
61 68 6
83 25 0
60 82 21
37 52 9
10 27 37
47 12 60
40 95 38
72 26 97
27 13 43
90 40 62
16 27 53
76 25 3
34 87 7
54 22 53
92 58 5
46 89 92
73 49 4
73 69 23
17 5 75
12 44 12
99 80 55
64 67 99
65 16 58
86 81 48
74 21 99
17 0 75
68 10 98
35 50 5
80 16 30
32 39 61
70 70 23
36 36 42
18 1 68
50 1 35
63 28 0
56 94 6
85 42 35
93 77 40
88 71 99
9 84 50
87 62 49
78 25 96
11 72 57
95 31 44
35 17 62
78 20 41
45 62 67
17 95 79
30 98 9
7 70 57
27 81 28
51 68 3
33 10 17
63 68 58
75 69 83
6 66 98
61 38 10
1 84 10
85 66 41
65 89 7
43 49 56
73 9 27
57 74 89
1 54 44
1 47 28
48 3 11
77 41 2
73 42 61
30 78 12
83 33 61
33 44 100
98 34 64
8 17 77
50 42 77
28 53 9
44 65 10
61 69 53
12 26 25
18 40 28
22 55 38
20 34 85
57 75 61
82 62 2
12 26 42
68 86 74
34 3 60
23 94 38
54 37 90
63 75 80
91 70 55
83 25 25
100 23 53
29 15 48
6 62 84
90 93 61
40 29 80
88 8 87
48 58 92
44 62 41
72 79 32
5 50 31
19 46 33
72 42 62
13 0 48
13 36 16
17 44 75
22 31 57
45 2 1
22 96 65
45 49 56
90 56 89
77 50 61
31 50 89
5 15 65
12 99 31
69 5 52
82 27 3
42 90 21
61 51 96
42 76 55
14 30 2
78 74 38
97 80 38
29 67 64
84 12 77
87 96 5
97 7 23
42 43 32
16 54 4
15 23 75
1 39 52
32 57 21
12 57 11
41 25 41
2 49 54
13 95 91
34 81 89
8 89 86
14 87 69
14 80 19
93 92 57
28 67 19
7 23 17
49 83 57
25 39 77
23 71 98
14 26 12
30 35 71
68 67 98
33 13 76
46 41 27
28 65 11
19 34 66
92 79 83
6 27 82
72 77 100
3 76 97
87 17 35
50 70 45
26 100 12
56 0 89
30 74 42
13 29 47
73 26 32
45 58 48
11 77 86
53 26 11
30 46 76
71 29 53
31 70 39
56 12 53
65 7 95
41 64 93
32 92 53
40 76 72
86 48 82
41 81 13
68 94 88
22 63 27
4 80 88
68 52 49
1 71 95
27 11 54
52 0 18
30 81 53
79 29 73
92 58 85
68 8 22
19 60 81
36 62 71
29 82 6
91 11 6
36 65 77
69 19 59
86 47 31
65 44 44
99 33 71
17 80 55
70 67 6
100 91 91
91 68 48
46 87 53
81 56 11
81 41 46
100 2 0
35 55 16
54 40 64
33 70 52
72 34 39
7 41 99
96 2 51
11 22 25
75 41 76
37 40 33
43 36 6
29 97 22
93 38 100
2 81 4
35 24 8
8 10 83
40 88 98
29 46 5
11 94 50
12 40 67
60 40 72
12 27 6
36 60 67
41 3 51
18 1 59
22 59 9
45 72 25
84 42 52
27 54 69
0 69 51
26 59 26
57 33 15
32 76 70
96 62 27
10 34 93
52 94 16
47 38 87
18 66 91
53 6 74
27 93 65
64 65 62
28 58 6
22 56 77
14 24 41
48 32 22
50 28 71
50 11 21
16 80 89
44 80 5
7 27 45
12 2 82
48 27 53
42 74 68
30 95 10
52 28 44
99 56 0
2 15 90
67 77 23
19 23 73
56 46 85
0 76 94
16 25 87
3 66 56
42 1 41
84 85 21
7 24 14
96 10 59
38 40 32
53 45 96
64 65 78
37 0 13
81 63 83
79 89 77
60 55 62
92 12 85
99 93 63
72 40 37
94 89 28
91 84 30
47 90 6
100 35 12
40 87 2
14 81 94
35 45 65
6 45 48
26 25 52
79 41 47
57 68 41
23 6 75
6 14 79
19 89 2
18 52 97
8 8 74
61 66 30
90 35 61
10 18 0
73 10 2
79 53 87
74 6 79
10 10 88
35 77 19
7 1 45
90 37 93
25 42 88
55 98 25
52 57 64
84 4 99
90 96 77
64 45 22
19 81 69
72 32 75
4 74 67
82 76 90
45 54 15
17 1 41
69 83 71
53 60 25
57 40 63
69 24 81
11 80 55
40 36 57
23 59 3
75 65 43
90 93 20
45 59 67
31 23 71
48 1 91
90 81 57
55 45 74
11 26 11
4 83 21
52 90 88
80 15 71
97 3 36
86 19 92
65 14 93
81 37 12
73 34 9
78 1 7
9 33 72
75 48 84
99 58 41
73 96 8
48 62 60
69 16 22
79 18 18
100 7 38
51 44 66
47 78 30
0 85 0
99 14 98
10 32 71
45 57 56
48 4 47
99 63 56
38 8 12
5 21 21
57 98 16
3 39 1
55 1 29
38 30 11
53 33 74
83 49 71
90 90 52
99 13 90
76 100 1
85 63 15
25 57 28
94 82 41
84 18 5
51 57 21
37 48 33
8 36 27
79 27 68
5 75 36
56 47 8
82 40 15
15 39 43
22 40 29
56 21 52
6 66 15
93 89 49
3 24 35
98 65 100
45 80 55
44 94 40
60 34 83
30 93 85
45 48 43
17 75 41
95 90 19
44 45 50
8 62 36
86 53 60
75 15 65
95 76 12
80 45 12
94 29 92
42 8 29
15 39 78
62 0 73
48 29 36
55 12 38
6 34 45
2 28 11
64 98 61
43 93 32
39 88 6
61 89 59
86 54 28
8 6 86
4 23 1
64 55 100
73 6 20
5 9 35
92 42 74
99 97 25
75 53 40
51 5 13
47 63 47
92 0 97
84 84 18
34 27 45
60 18 16
81 57 99
11 85 77
29 100 98
64 26 67
80 17 55
45 83 92
54 71 6
51 72 51
98 77 84
77 34 73
31 13 75
21 60 50
70 97 93
12 88 6
25 70 45
96 13 97
70 77 0
7 68 99
82 85 27
6 64 45
9 88 73
5 42 24
7 53 75
17 58 73
88 76 70
9 77 4
38 40 49
72 16 6
20 78 43
22 49 20
99 0 76
77 4 69
37 56 55
5 93 69
80 14 14
36 52 59
2 40 22
72 72 0
84 98 84
38 61 76
45 17 23
64 59 37
3 66 56
46 49 94
46 71 68
88 16 38
9 49 70
62 56 34
51 24 9
76 80 58
54 38 1
23 60 44
2 17 95
89 90 75
61 32 73
100 58 11
2 75 1
58 57 86
81 95 66
73 0 46
83 34 7
18 52 55
57 80 60
4 72 73
8 86 83
72 74 44
60 43 41
93 84 59
23 6 100
56 4 84
54 28 2
5 40 90
26 26 36
82 82 71
100 89 86
72 79 69
52 77 26
94 7 90
48 2 95
79 98 18
20 0 79
60 7 7
40 98 81
34 54 60
10 6 36
37 1 53
98 69 91
37 7 31
0 63 99
79 39 10
25 35 92
38 95 5
19 89 37
92 16 41
77 42 83
49 18 81
51 77 70
63 89 19
84 29 64
22 21 76
66 77 24
0 86 81
46 75 45
86 64 44
90 90 4
30 52 10
43 91 70
61 10 52
6 68 19
93 67 65
62 55 42
88 75 91
4 62 54
68 82 96
49 29 98
9 32 2
49 13 53
30 75 13
22 100 31
32 83 66
66 83 96
21 66 19
31 41 62
61 96 18
29 93 60
11 93 55
91 11 62
52 92 22
75 48 63
66 93 100
53 97 70
15 19 77
79 74 19
58 26 30
26 64 87
24 2 5
77 56 31
44 82 26
11 67 57
92 44 92
69 30 44
12 2 25
41 45 84
2 46 58
4 94 0
22 88 34
20 21 96
15 90 70
97 69 37
77 67 34
2 46 17
75 32 42
40 31 19
24 19 28
71 66 7
66 60 21
97 83 16
1 35 93
35 5 35
66 77 62
94 4 36
88 18 8
69 69 75
24 80 67
67 80 8
19 67 13
60 66 18
15 1 98
98 91 69
97 62 56
84 53 34
63 49 67
53 56 65
6 43 13
1 72 48
50 5 72
11 49 30
46 33 11
21 70 45
66 89 68
79 36 26
97 54 58
17 38 30
88 20 0
58 10 58
79 91 96
52 25 20
44 44 13
94 13 82
18 89 38
57 66 31
78 93 65
31 4 74
14 6 40
5 21 68
65 26 26
35 29 70
100 54 60
10 36 80
1 39 24
75 25 33
37 72 78
43 13 9
48 69 91
7 26 9
45 73 34
31 1 42
30 26 15
36 98 22
30 89 56
61 98 27
18 52 45
70 14 68
77 27 75
12 0 20
10 63 6
71 97 63
31 90 32
83 60 56
61 48 1
26 47 79
91 19 94
36 96 52
89 6 55
24 93 85
93 32 27
92 52 35
80 43 10
94 8 78
11 50 7
70 66 27
88 34 61
74 32 47
1 31 52
18 81 91
83 50 87
